196128
196128
196128
196128
196128
196128
196128
196128
196128
196128
196128
196128
196128
196128
196128
196128
196128
196128
196128
196128
196128
196128
196128
196128
196128
196128
196128
196128
196128
196128
196128
196128
196128
196128
196128
196128
196128
196128
196128
196128
196128
196128
196128
196128
196128
196128
196128
196128
196128
196128
196128
196128
196128
196128
196128
196128
196128
196128
196128
196128
196128
196128
196128
196128
196128
196128
196128
196128
196128
196128
196128
196128
196128
196128
196128
196128
196128
196128
196128
196128
196128
196128
196128
196128
196128
196128
196128
196128
196128
196128
196128
196128
196128
196128
196128
196128
196128
196128
196128
196128
196128
196128
196128
196128
196128
196128
196128
196128
196128
196128
196128
196128
196128
196128
196128
196128
196128
196128
196128
196130
196131
196132
196133
196134
196135
196136
196136
196137
196139
196140
196141
196142
196143
196144
196144
196145
196146
196148
196149
196150
196151
196152
196152
196153
196154
196155
196157
196158
196159
196160
196160
196161
196162
196163
196164
196166
196167
196168
196168
196169
196170
196171
196172
196173
196175
196176
196176
196177
196178
196179
196180
196181
196182
196184
196184
197185
198186
199187
200188
200188
201188
202188
203188
205188
206188
207188
208188
208188
209188
210188
211188
212188
214188
215188
216188
216188
217189
218190
219191
220192
220192
220193
220195
220196
220197
220198
220199
220200
220200
220201
220202
220204
220205
220206
220207
220208
220208
220209
220210
220211
220213
220214
220215
220216
220216
220217
220218
220219
220220
220222
220223
220224
220224
221225
222226
223227
224228
224228
225228
227228
228228
229228
230228
231228
232228
232228
233228
234228
236228
237228
238228
239228
240228
240228
241227
242226
243225
244223
244223
244222
244221
244220
244219
244218
244217
244216
244215
244214
244213
244212
244211
244210
244209
244208
244207
244207
244205
244204
244203
244202
244201
244200
244199
244199
244198
244196
244195
244194
244193
244192
244191
244191
244190
244189
244187
244186
244185
244184
244183
244183
244182
244181
244180
244178
244177
244176
244175
244175
244174
244173
244172
244171
244169
244168
244167
244167
244166
244165
244164
244163
244162
244160
244159
244159
244158
244157
244156
244155
244154
244153
244151
244151
244150
244149
244148
244147
244146
244145
244144
244143
244142
244141
244140
244139
244138
244137
244136
244135
244135
244133
244132
244131
244130
244129
244128
244127
244127
244126
244124
244123
244122
244121
244120
244119
244119
243118
242117
240116
239116
239116
238116
237116
236116
235116
234116
233116
231116
231116
230116
229116
228116
227116
226116
225116
224116
223116
222115
221114
220113
220112
220111
220111
220110
220109
220108
220106
220105
220104
220103
220103
220102
220101
220100
220099
220097
220096
220095
220095
219094
218093
217092
216092
215092
215092
213092
212092
211092
210092
209092
208092
207092
207092
206092
204092
203092
202092
201092
200092
199092
199092
198093
197094
196096
196096
196097
196098
196099
196100
196101
196102
196103
196104
196105
196106
196107
196108
196109
196110
196111
196112
196112
194114
193115
192116
191116
191116
190116
189116
188116
187116
185116
184116
183116
183116
182116
181116
180116
179116
178116
176116
175116
175116
174115
173114
172113
172112
172111
172111
172110
172108
172107
172106
172105
172104
172103
172103
172102
172101
172099
172098
172097
172096
172095
172095
171094
170093
169092
167092
166092
165092
164092
163092
162092
161092
160092
158092
157092
156092
155092
154092
153092
152092
151092
149092
148092
147092
146092
145092
144092
143092
142092
140092
139092
138092
137092
136092
135092
134092
133092
131092
130092
129092
128092
127092
126092
125092
124092
122092
121092
120092
119092
118092
117092
116092
115092
113092
112092
111092
110092
109092
108092
107092
106092
104092
103092
102093
101094
100095
100096
100097
100098
100100
100101
100102
100103
100104
100105
100106
100107
100109
100110
100111
100112
099113
098114
097115
096116
094116
093116
092116
091116
090116
089116
088116
087116
085116
084116
083116
082116
081116
080116
079116
079116
078115
076113
076112
076111
076111
076110
076109
076108
076107
076106
076104
076103
076103
076102
076101
076100
076099
076098
076097
076095
076095
075094
074093
073092
072092
071092
071092
070092
069092
067092
066092
065092
064092
063092
063092
062092
061092
060092
058092
057092
056092
055092
055092
054093
053094
052095
052096
052096
052098
052099
052100
052101
052102
052103
052104
052104
052105
052107
052108
052109
052110
052111
052112
052112
051113
050114
048116
047116
047116
046116
045116
044116
043116
042116
041116
039116
039116
038116
037116
036116
035116
034116
033116
032116
031116
030116
029116
028116
027116
026116
025116
024116
023116
023116
021114
020113
020112
020111
020111
020110
020109
020108
020107
020105
020104
020103
020103
020102
020101
020100
020099
020098
020096
020095
020095
020094
020093
020092
020091
020090
020089
020087
020087
020086
020085
020084
020083
020082
020081
020080
020079
020078
020077
020076
020075
020074
020073
020072
020071
020071
022069
023068
024068
024068
025068
026068
027068
028068
029068
031068
032068
032068
033068
034068
035068
036068
037068
038068
040068
040068
041068
042068
043068
044068
045068
046068
047068
048068
049069
050070
051071
052072
052072
052073
052074
052075
052076
052078
052079
052080
052080
052081
052082
052083
052084
052085
052087
052088
053089
054090
055091
056092
057092
058092
060092
061092
062092
063092
064092
065092
066092
067092
069092
070092
071092
072092
073093
074094
075095
076096
076098
076099
076100
076101
076102
076103
076104
076105
076107
076108
076109
076110
076111
076112
077113
078114
080116
081116
082116
083116
084116
085116
086116
087116
089116
090116
091116
092116
093116
094116
095116
096116
098118
099119
100120
100121
100122
100123
100124
100125
100127
100128
100129
100130
100131
100132
100133
100134
100136
100137
100138
100139
100140
100141
100142
100143
100145
100146
100147
100148
100149
100150
100151
100152
100154
100155
100156
100157
100158
100159
100160
101161
103163
104164
105164
106164
107164
108164
109164
110164
112164
113164
114164
115164
116164
117164
118164
119164
121164
122164
123164
124164
125164
126164
127164
128164
130164
131164
132164
133164
134164
135164
136164
137164
139164
140164
141164
142164
143164
144164
145163
146162
148160
148159
148158
148157
148156
148155
148154
148153
148151
148150
148149
148148
148147
148146
148145
148144
148142
148141
148140
148139
148138
148137
148136
148135
148133
148132
148131
148130
148129
148128
148127
148126
148124
148123
148122
148121
148120
148119
148118
148117
148115
148114
148113
148112
148111
148110
148109
148108
148106
148105
148104
148103
148102
148101
148100
148099
148097
148096
148095
149094
150093
151092
152092
153092
155092
156092
157092
158092
159092
160092
161092
162092
164092
165092
166092
167092
168092
169091
170090
171089
172087
172087
172086
172085
172084
172083
172082
172081
172080
172079
172078
172077
172076
172075
172074
172073
172072
172071
172071
174069
175068
176068
176068
177068
178068
179068
180068
181068
183068
184068
184068
185068
------
186068
187068
188068
189068
190068
192068
192068
193069
194070
195071
196072
196072
196073
196074
196075
196077
196078
196079
196080
196080
196081
196082
196083
196082
196080
196079
196078
196077
196076
196075
196074
196073
196071
197070
198069
199068
200068
200068
201068
202068
203068
205068
206068
207068
208068
208068
209068
210068
211068
212068
214068
++++++
215068
216068
216068
217067
218066
219065
220064
220063
220063
220061
220060
220059
220058
220057
220056
220055
220055
220054
220052
220051
220050
220049
220048
220047
220047
220046
220045
220043
220042
220041
220040
220039
220039
220038
220037
220036
220034
220033
220032
220031
220031
221030
222029
223028
224028
224028
226028
227028
228028
229028
230028
231028
232028
232028
233028
235028
236028
237028
238028
239028
240028
240028
241029
242030
244032
244032
244033
244034
244035
244036
244037
244038
244039
244040
244041
244042
244043
244044
244045
244046
244047
244048
244048
244050
244051
244052
244053
244054
244055
244056
244056
244057
244059
244060
244061
244062
244063
244064
244064
244065
244066
244068
244069
244070
244071
244072
244072
244073
244074
244075
244077
244078
244079
244080
244080
244081
244082
244083
244084
244086
244087
244088
244088
244089
244090
244091
244092
244093
244095
244096
244096
244097
244098
244099
244100
244101
244102
244104
244104
244105
244106
244107
244108
244109
244110
244111
244113
244114
244115
244116
244117
244118
244119
244120
244122
244123
244124
244125
244126
244127
244128
244129
244131
244132
244133
244134
244135
244136
243137
242138
240140
239140
239140
238140
237140
236140
235140
234140
233140
231140
231140
230140
229140
228140
227140
226140
225140
224140
223140
222141
221142
220143
220144
220144
220145
220146
220147
220148
220150
220151
220152
220152
220153
220154
220155
220156
220157
220159
220160
220160
219161
218162
217163
216164
215164
215164
214164
212164
211164
210164
209164
208164
207164
207164
206164
205164
203164
202164
201164
200164
199164
198165
197166
196167
196169
196170
196171
196172
196173
196174
196175
196176
196178
196179
196180
196181
196182
196183
196184
195185
193187
192188
191188
191188
190188
189188
188188
187188
186188
184188
183188
183188
182188
181188
180188
179188
178188
177188
175188
175188
174188
173188
172188
171188
170188
169188
168188
167188
166188
165188
164188
163188
162188
161188
160188
159188
159188
157188
156188
155188
154188
153188
152188
151188
151188
150188
148188
147188
146188
145188
144188
143188
143188
142188
141188
139188
138188
137188
136188
135188
135188
134188
133188
132188
130188
129188
128188
127188
127188
126188
125188
124188
123188
121188
120188
119188
119188
118188
117188
116188
115188
114188
112188
111188
111188
110188
109188
108188
107188
106188
105188
103188
103188
102188
101188
100188
099188
098188
097188
096188
095188
094188
093188
092188
091188
090188
089188
088188
087188
087188
085188
084188
083188
082188
081188
080188
079188
079188
078188
076188
075188
074188
073188
072188
071188
071188
070188
069188
067188
066188
065188
064188
063188
063188
062188
061188
060188
058188
057188
056188
055188
055188
054187
053186
052185
052184
052183
052182
052181
052180
052179
052178
052177
052176
052175
052175
052173
052172
052171
052170
052169
052168
052167
052167
052166
052164
052163
052162
052161
052160
052159
052159
052158
052157
052155
052154
052153
052152
052151
052151
052150
052149
052148
052146
052145
052144
052143
052143
052142
052141
052140
052139
052137
052136
052135
052135
052134
052133
052132
052131
052130
052128
052127
052127
052126
052125
052124
052123
052122
052121
052119
052118
052117
052116
052115
052114
052113
052112
052110
052109
052108
052107
052106
052105
052104
052103
052101
052100
052099
052098
052097
052096
052095
052094
052092
052091
052090
052089
052088
052087
052086
052085
052083
052082
052081
052080
052079
052078
052077
052076
052074
052073
052072
052071
053070
054069
055068
056068
056068
058068
059068
060068
061068
062068
063068
064068
064068
065068
067068
068068
069068
070068
071068
072068
072068
073068
074068
076068
077068
078068
079068
080068
080068
081068
082068
083068
085068
086068
087068
088068
088068
089068
090068
091068
092068
094068
095068
096068
096068
097068
098068
099068
100068
101068
103068
104068
104068
105068
106068
107068
108068
109068
110068
112068
112068
113068
114068
115068
116068
117068
118068
119068
120068
121067
122066
123065
124064
124063
124062
124061
124060
124058
124057
124056
124055
124054
124053
124052
124051
124049
124048
124047
124046
124045
124044
124043
124042
124040
124039
124038
124037
124036
124035
124034
124033
124031
124030
124029
124028
124027
124026
124025
124024
124022
124021
124020
124019
124018
124017
124016
124015
124013
124012
124011
124010
124009
124008
124007
124006
124004
124003
124002
124001
124000
124255
124254
124253
124251
124250
124249
124248
124247
124246
124245
124244
124242
124241
124240
124239
124238
124237
124236
124235
124233
124232
124231
124230
124229
124228
124227
124226
124224
124223
124222
124221
124220
124219
124218
124217
124215
124214
124213
124212
124211
124210
124209
124208
124206
124205
124204
124203
124202
124201
124200
124199
124197
124196
124195
124194
124193
124192
124191
123190
121188
120188
119188
118188
117188
116188
115188
114188
112188
111188
110188
109188
108188
107188
106188
105188
103188
102188
101188
100188
099188
098188
097188
096188
094188
093188
092188
091188
090188
089188
088188
087188
085188
084188
083188
082188
081188
080188
079188
078189
076191
076192
076192
076193
076194
076195
076196
076197
076198
076200
076200
076201
076202
076203
076204
076205
076206
076207
076208
076209
076210
076211
076212
076213
076214
076215
076216
076216
076218
076219
076220
076221
076222
076223
076224
076224
075225
073227
072228
071228
071228
070228
069228
068228
067228
066228
064228
063228
063228
062228
061228
060228
059228
058228
057228
055228
055228
054227
053226
052225
052224
052223
052223
052222
052221
052219
052218
052217
052216
052215
052215
052214
052213
052212
052210
052209
052208
052207
052207
052206
052205
052204
052203
052201
052200
052199
052199
052198
052197
052196
052195
052194
052192
052191
051190
050189
049188
048188
047188
047188
046188
044188
043188
042188
041188
040188
039188
039188
038188
037188
035188
034188
033188
032188
031188
031188
030188
029188
028188
026188
025188
024188
023188
023188
022187
021186
020185
020184
020183
020182
020181
020180
020179
020178
020177
020176
020175
020175
020173
020172
020171
020170
020169
020168
020167
020167
020166
020164
020163
020162
020161
020160
020159
020159
020158
020157
020155
020154
020153
020152
020151
020151
020150
020149
020148
020146
020145
020144
020143
020143
021142
022141
023140
024140
024140
026140
027140
028140
029140
030140
031140
032140
032140
033140
035140
036140
037140
038140
039140
040140
040140
041140
042140
044140
045140
046140
047140
048140
049141
050142
051143
052145
052146
052147
052148
052149
052150
052151
052152
052154
052155
052156
052157
052158
052159
052160
053161
055163
056164
056164
057164
058164
059164
060164
061164
062164
064164
064164
065164
066164
067164
068164
069164
070164
071164
072164
073163
074162
075161
076160
076159
076159
076158
076157
076156
076154
076153
076152
076151
076151
076150
076149
076148
076147
076145
076144
076143
076143
077142
078141
079140
080140
081140
083140
084140
085140
086140
087140
088140
089140
090140
092140
093140
094140
095140
096140
097141
098142
099143
100145
100146
100147
100148
100149
100150
100151
100152
100154
100155
100156
100157
100158
100159
100160
101161
103163
104164
105164
106164
107164
108164
109164
110164
112164
113164
114164
115164
116164
117164
118164
119164
121164
122164
123164
124164
125164
126164
127164
128164
130164
131164
132164
133164
134164
135164
136164
137164
139164
140164
141164
142164
143164
144164
145163
146162
148160
148159
148158
148157
148156
148155
148154
148153
148151
148150
148149
148148
148147
148146
148145
148144
148142
148141
148140
148139
148138
148137
148136
148135
148133
148132
148131
148130
148129
148128
148127
148126
148124
148123
148122
148121
148120
148119
148118
148117
148115
148114
148113
148112
148111
148110
148109
148108
148106
148105
148104
148103
148102
148101
148100
148099
148097
148096
148095
149094
150093
151092
152092
153092
155092
156092
157092
158092
159092
160092
161092
162092
164092
165092
166092
167092
168092
169091
170090
171089
172087
172086
172085
172084
172083
172082
172081
------
172080
172078
172077
172076
172075
172074
172073
172072
172071
172069
172068
172067
172066
172065
172064
172063
172063
172062
172060
172059
172058
172057
172056
172055
172055
172054
172053
172051
172050
172049
172048
172047
172047
172046
172045
++++++
172044
172042
172041
172040
172039
172039
172040
172041
172042
172043
172045
172046
172047
172048
172049
172050
172051
172052
172054
172055
172056
172057
172058
172059
172060
172061
172063
172064
171065
170066
169067
168068
167068
167068
166068
164068
163068
162068
161068
160068
159068
159068
158068
157068
155068
154068
153068
152068
151068
151068
150068
149068
148068
146068
145068
144068
143068
143068
142068
141068
140068
139068
137068
136068
135068
135068
134068
133068
132068
131068
130068
128068
127068
126067
125066
124065
124064
124063
124062
124060
124059
124058
124057
124056
124055
124054
124053
124051
124050
124049
124048
124047
124046
124045
124044
124042
124041
124040
124039
124038
124037
124036
124035
124033
124032
124031
124030
124029
124028
124027
124026
124024
124023
124022
124021
124020
124019
124018
124017
124015
124014
124013
124012
124011
124010
124009
124008
124006
124005
124004
124003
124002
124001
124000
124255
124253
124252
124251
124250
124249
124248
124247
124246
124244
124243
124242
124241
124240
124239
124238
124237
124235
124234
124233
124232
124231
124230
124229
124228
124226
124225
124224
124223
124222
124221
124220
124219
124217
124216
124215
124214
124213
124212
124211
124210
124208
124207
124206
124205
124204
124203
124202
124201
124199
124198
124197
124196
124195
124194
124193
124192
125190
126189
127188
128188
129188
130188
131188
132188
134188
135188
136188
137188
138188
139188
140188
141188
143188
144188
145188
146188
147188
148188
149188
150188
152188
153188
154188
155188
156188
157188
158188
159188
161188
162188
163188
164188
165188
166188
167188
168188
170190
171191
172192
172192
172193
172194
172195
172196
172197
172199
172200
172200
172201
172202
172203
172204
172205
172206
172208
172208
172209
172210
172211
172212
172213
172214
172215
172216
172217
172218
172219
172220
172221
172222
172223
172224
172224
174226
175227
176228
176228
177228
178228
179228
180228
181228
183228
184228
184228
185228
186228
187228
188228
189228
190228
192228
192228
192228
192228
192228
194226
195225
196224
196223
196223
196222
196221
196220
196219
196217
196216
196215
196215
197214
198213
199212
200212
200212
201212
203212
204212
205212
206212
207212
208212
208212
209212
210212
212212
213212
214212
215212
216212
217211
218210
219209
220207
220206
220205
220204
220203
220202
220201
220200
220198
220197
220196
220195
220194
220193
220192
220191
218189
217188
216188
215188
214188
213188
212188
211188
209188
208188
207188
206188
205188
204188
203188
202188
200188
199188
198187
197186
196185
196184
196183
196182
196180
196179
196178
196177
196176
196175
196174
196173
196171
196170
196169
196168
196167
196166
196165
196164
196162
196161
196160
196159
196158
196157
196156
196155
196153
196152
196151
196150
196149
196148
196147
196146
196144
196143
195142
194141
193140
192140
191140
191140
190140
188140
187140
186140
185140
184140
183140
183140
182140
181140
179140
178140
177140
176140
175140
175140
174141
173142
172143
172144
172145
172146
172147
172148
172149
172150
172151
172152
172152
172154
172155
172156
172157
172158
172159
172160
172160
172161
172163
172164
172165
172166
172167
172168
172168
172169
172170
172172
172173
172174
172175
172176
172176
172177
172178
172179
172181
172182
172183
172184
171185
170186
169187
168188
166188
165188
164188
163188
162188
161188
160188
159188
157188
156188
155188
154188
153188
152188
151188
150188
148188
147188
146188
145188
144188
143188
142188
141188
139188
138188
137188
136188
135188
134188
133188
132188
130188
129188
128188
127188
126189
125190
124191
124192
124194
124195
124196
124197
124198
124199
124200
124201
124203
124204
124205
124206
124207
124208
124209
124210
124212
124213
124214
124215
124216
124217
124218
124219
124221
124222
124223
124224
124225
124226
124227
124228
124230
124231
124232
124233
124234
124235
124236
124237
124239
124240
124241
124242
124243
124244
124245
124246
124248
124249
124250
124251
124252
124253
124254
124255
124001
124002
124003
124004
124005
124006
124007
124008
124010
124011
124012
124013
124014
124015
124016
124017
124019
124020
124021
124022
124023
124024
124025
124026
124028
124029
124030
124031
124032
124033
124034
124035
124037
124038
124039
124040
124041
124042
124043
124044
124046
124047
124048
124049
124050
124051
124052
124053
124055
124056
124057
124058
124059
124060
124061
124062
124064
125065
126066
127067
128068
129068
130068
131068
133068
134068
135068
136068
137068
138068
139068
140068
142068
143068
144068
145068
146068
147068
148068
149068
151068
152068
153068
154068
155068
156068
157068
158068
160068
161068
162068
163068
164068
165068
166068
167068
169067
170066
171065
172064
172063
172062
172061
172060
172058
172057
172056
172055
172054
172053
172052
172051
172049
172048
172047
172046
172045
172044
172043
172042
172040
172039
172038
172037
172036
172035
172034
172033
172031
172031
173030
174029
175028
176028
176028
177028
178028
179028
181028
182028
183028
184028
184028
185028
186028
187028
188028
190028
191028
192028
192028
192028
192028
192028
194030
195031
196032
196032
196033
196034
196035
196036
196037
196039
196040
196040
197041
198042
199043
200044
200044
201044
202044
204044
205044
206044
207044
208044
208044
209044
210044
211044
213044
214044
215044
216044
217045
218046
219047
220048
220050
220051
220052
220053
220054
220055
220056
220057
220059
220060
220061
220062
220063
220064
219065
218066
216068
215068
214068
213068
212068
211068
210068
209068
207068
206068
205068
204068
203068
202068
201068
200068
198068
197068
196068
195068
194068
193068
192068
191068
189068
188068
187068
186068
185068
184068
183068
182068
180068
179068
178068
177068
176068
175068
174068
173068
171068
170068
169068
168068
167068
166068
165068
164068
162068
161068
160068
159068
158068
157068
156068
155068
153068
152068
151068
150068
149068
148068
147068
146068
144068
143068
142068
141068
140068
139068
138068
137068
135068
134068
133068
132068
131068
130068
129068
128068
126068
125068
124068
123068
122068
121068
120068
119068
117068
116068
115068
114068
113068
112068
111068
110068
108068
107068
106068
105068
104068
103068
102068
101068
099068
098068
097068
096068
095068
094068
093068
092068
090068
089068
088068
087068
086068
085068
084068
083068
081068
080068
079068
078067
077066
076065
076064
076063
076063
076061
076060
076059
076058
076057
076056
076055
076055
076054
076052
076051
076050
076049
076048
076047
076047
076046
076045
076043
076042
076041
076040
076039
076039
076038
076037
076036
076034
076033
076032
076031
076031
075030
074029
073028
072028
071028
070028
069028
068028
067028
066028
065028
064028
063028
063028
061028
060028
059028
058028
057028
056028
055028
------
055028
054029
052031
052032
052032
052033
052034
052035
052036
052037
052038
052040
052040
052041
052042
052043
052044
052045
052046
052047
052048
052049
052050
052051
052052
052053
052054
052055
052056
052056
052054
052053
052052
052051
052050
052049
052048
052047
052045
052044
052043
052042
052041
052040
052039
052038
052036
052035
052034
052033
052032
052031
051030
050029
++++++
048028
047028
047028
046028
045028
044028
043028
042028
041028
039028
039028
039028
039028
039028
038028
037028
036028
034028
033028
032028
031028
031028
030028
029028
028028
027028
025028
024028
023028
023028
022029
021030
020031
020032
020032
020033
020035
020036
020037
020038
020039
020040
020040
020041
020042
020044
020045
020046
020047
020048
020048
020049
020050
020051
020053
020054
020055
020056
020056
020057
020058
020059
020060
020062
020063
020064
020065
020066
020067
020068
020069
020071
020072
020073
020074
020075
020076
020077
020078
020080
020081
020082
020083
020084
020085
020086
020087
020089
020090
020091
020092
020093
020094
020095
020096
020098
020099
020100
020101
020102
020103
020104
020105
020107
020108
020109
020110
020111
020112
021113
022114
024116
025116
026116
027116
028116
029116
030116
031116
033116
034116
035116
036116
037116
038116
039116
040116
042116
043116
044116
045116
046116
047116
048116
049117
051119
052120
052121
052122
052123
052124
052125
052126
052128
052129
052130
052131
052132
052133
052134
052135
051137
050138
049139
048140
047140
046140
045140
044140
042140
041140
040140
039140
038140
037140
036140
035140
033140
032140
031140
030140
029140
028140
027140
026140
024140
023140
022141
021142
020143
020144
020145
020146
020148
020149
020150
020151
020152
020153
020154
020155
020157
020158
020159
020160
020161
020162
020163
020164
020166
020167
020168
020169
020170
020171
020172
020173
020175
020176
020177
020178
020179
020180
020181
020182
020184
020185
020186
020187
020188
020189
020190
020191
020192
020193
020194
020195
020196
020197
020198
020199
020200
020200
020202
020203
020204
020205
020206
020207
020208
020208
020209
020211
020212
020213
020214
020215
020216
020216
020217
020218
020220
020221
020222
020223
020224
020224
021225
022226
023227
024228
025228
026228
027228
028228
029228
030228
031228
032228
032228
032228
032228
033228
034228
035228
036228
038228
039228
040228
040228
040228
040228
040228
040228
040228
040228
040228
040228
040228
040228
040228
040228
040228
040228
040228
040228
040228
040228
040228
040228
040228
040228
040228
040228
040228
040228
040228
040228
040228
040228
040228
040228
040228
040228
040228
040228
040228
040228
040228
040228
040228
040228
040228
040228
040228
040228
040228
040228
040228
040228
040228
040228
040228
040228
040228
040228
040228
040228
040228
040228
040228
040228
040228
040228
040228
040228
040228
040228
040228
040228
040228
040228
040228
040228
040228
040228
040228
040228
040228
040228
040228
040228
040228
040228
040228
040228
040228
040228
040228
040228
040228
040228
040228
040228
040228
040228
040228
040228
040228
040228
040228
040228
040228
040228
040228
040228
040228
040228
040228
040228
040228
040228
040228
040228
040228
040228
040228
040228
040228
040228
040228
040228
040228
040228
040228
040228
040228
040228
040228
040228
040228
040228
040228
040228
040228
040228
040228
040228
040228
040228
040228
040228
040228
040228
040228
040228
040228
040228
040228
040228
040228
040228
040228
040228
040228
040228
040228
040228
040228
040228
040228
040228
040228
040228
040228
040228
040228
040228
040228
040228
040228
040228
040228
040228
040228
040228
040228
040228
040228
040228
040228
040228
040228
040228
040228
040228
040228
040228
040228
040228
040228
040228
040228
040228
040228
040228
040228
040228
040228
040228
040228
040228
040228
040228
040228
040228
040228
040228
040228
040228
040228
040228
040228
040228
040228
040228
