196128
196128
196128
196128
196128
196128
196128
196128
196128
196128
196128
196128
196128
196128
196128
196128
196128
196128
196128
196128
196128
196128
196128
196128
196128
196128
196128
196128
196128
196128
196128
196128
196128
196128
196128
196128
196128
196128
196128
196128
196128
196128
196128
196128
196128
196128
196128
196128
196128
196128
196128
196128
196128
196128
196128
196128
196128
196128
196128
196128
196128
196128
196128
196128
196128
196128
196128
196128
196128
196128
196128
196128
196128
196128
196128
196128
196128
196128
196128
196128
196128
196128
196128
196128
196128
196128
196128
196128
196128
196128
196128
196128
196128
196128
196128
196128
196128
196128
196128
196128
196128
196128
196128
196128
196128
196128
196128
196128
196128
196128
196128
196128
196128
196128
196128
196128
196128
196128
196128
196130
196131
196132
196133
196134
196135
196136
196136
196137
196139
196140
196141
196142
196143
196144
196144
196145
196146
196148
196149
196150
196151
196152
196152
196153
196154
196155
196157
196158
196159
196160
196160
196161
196162
196163
196164
196166
196167
196168
196168
196169
196170
196171
196172
196173
196175
196176
196176
196177
196178
196179
196180
196181
196182
196184
196184
197185
198186
199187
200188
200188
201188
202188
203188
205188
206188
207188
208188
208188
209188
210188
211188
212188
214188
215188
216188
216188
217189
218190
219191
220192
220192
220193
220195
220196
220197
220198
220199
220200
220200
220201
220202
220204
220205
220206
220207
220208
220208
220209
220210
220211
220213
220214
220215
220216
220216
220217
220218
220219
220220
220222
220223
220224
220224
221225
222226
223227
224228
224228
225228
227228
228228
229228
230228
231228
232228
232228
233228
234228
236228
237228
238228
239228
240228
240228
241227
242226
243225
244223
244223
244222
244221
244220
244219
244218
244217
244216
244215
244214
244213
244212
244211
244210
244209
244208
244207
244207
244205
244204
244203
244202
244201
244200
244199
244199
244198
244196
244195
244194
244193
244192
244191
244191
244190
244189
244187
244186
244185
244184
244183
244183
244182
244181
244180
244178
244177
244176
244175
244175
244174
244173
244172
244171
244169
244168
244167
244167
244166
244165
244164
244163
244162
244160
244159
244159
244158
244157
244156
244155
244154
244153
244151
244151
244150
244149
244148
244147
244146
244145
244144
244143
244142
244141
244140
244139
244138
244137
244136
244135
244135
244133
244132
244131
244130
244129
244128
244127
244127
244126
244124
244123
244122
244121
244120
244119
244119
243118
242117
240116
239116
239116
238116
237116
236116
235116
234116
233116
231116
231116
230116
229116
228116
227116
226116
225116
224116
223116
222115
221114
220113
220112
220111
220111
220110
220109
220108
220106
220105
220104
220103
220103
220102
220101
220100
220099
220097
220096
220095
220095
219094
218093
217092
216092
215092
215092
213092
212092
211092
210092
209092
208092
207092
207092
206092
204092
203092
202092
201092
200092
199092
199092
198093
197094
196096
196096
196097
196098
196099
196100
196101
196102
196103
196104
196105
196106
196107
196108
196109
196110
196111
196112
196112
194114
193115
192116
191116
191116
190116
189116
188116
187116
185116
184116
183116
183116
182116
181116
180116
179116
178116
176116
175116
175116
174115
173114
172113
172112
172111
172111
172110
172108
172107
172106
172105
172104
172103
172103
172102
172101
172099
172098
172097
172096
172095
172095
171094
170093
169092
167092
166092
165092
164092
163092
162092
161092
160092
158092
157092
156092
155092
154092
153092
152092
151092
149092
148092
147092
146092
145092
144092
143092
142092
140092
139092
138092
137092
136092
135092
134092
133092
131092
130092
129092
128092
127092
126092
125092
124092
122092
121092
120092
119092
118092
117092
116092
115092
113092
112092
111092
110092
109092
108092
107092
106092
104092
103092
102093
101094
100095
100096
100097
100098
100100
100101
100102
100103
100104
100105
100106
100107
100109
100110
100111
100112
099113
098114
097115
096116
094116
093116
092116
091116
090116
089116
088116
087116
085116
084116
083116
082116
081116
080116
079116
079116
078115
076113
076112
076111
076111
076110
076109
076108
076107
076106
076104
076103
076103
076102
076101
076100
076099
076098
076097
076095
076095
075094
074093
073092
072092
071092
071092
070092
069092
067092
066092
065092
064092
063092
063092
062092
061092
060092
058092
057092
056092
055092
055092
054093
053094
052095
052096
052096
052098
052099
052100
052101
052102
052103
052104
052104
052105
052107
052108
052109
052110
052111
052112
052112
052113
052114
052116
052117
052118
052119
052120
052120
052121
052122
052123
052125
052126
052127
052128
052128
052129
052130
052131
052132
052134
052135
052136
052136
052137
052138
052139
052140
052141
052143
052144
052144
052145
052146
052147
052148
052149
052150
052152
052152
052153
052154
052155
052156
052157
052158
052159
052160
053161
054162
055163
056164
056164
057164
058164
059164
060164
062164
063164
064164
064164
065164
066164
067164
068164
069164
071164
072164
072164
073163
074162
075161
076160
076159
076159
076158
076156
076155
076154
076153
076152
076151
076151
076150
076149
076147
076146
076145
076144
076143
076143
077142
078141
079140
081140
082140
083140
084140
085140
086140
087140
088140
090140
091140
092140
093140
094140
095140
096140
097141
099143
100144
100145
100146
100147
100148
100149
100150
100152
100153
100154
100155
100156
100157
100158
100159
101161
102162
103163
104164
105164
106164
107164
108164
110164
111164
112164
113164
114164
115164
116164
117164
119164
120164
121164
122164
123164
124164
125164
126164
128164
129164
130164
131164
132164
133164
134164
135164
137164
138164
139164
140164
141164
142164
143164
144164
146162
147161
148160
148159
148158
148157
148156
148155
148153
148152
148151
148150
148149
148148
148147
148146
148144
148143
148142
148141
148140
148139
148138
148137
148135
148134
148133
148132
148131
148130
148129
148128
148126
148125
148124
148123
148122
148121
148120
148119
148117
148116
148115
148114
148113
148112
148111
148110
148108
148107
148106
148105
148104
148103
148102
148101
148099
148098
148097
148096
148095
149094
150093
151092
153092
154092
155092
156092
157092
158092
159092
160092
162092
163092
164092
165092
166092
167092
168092
169091
171089
172088
172087
172087
172086
172085
172084
172083
172082
172080
172079
172079
172078
172077
172076
172075
172074
172073
172071
172071
173070
174069
175068
176068
176068
177068
178068
179068
181068
182068
183068
184068
184068
185068
186068
187068
188068
190068
191068
192068
192068
193068
194068
195068
196068
197068
199068
200068
200068
201068
202068
203068
204068
205068
206068
208068
208068
209068
210068
211068
212068
213068
214068
215068
216068
217067
218066
219065
220064
220063
220063
220062
220061
220060
220058
220057
220056
220055
220055
220054
220053
220052
220051
220049
220048
220047
220047
220046
220045
220044
220043
220042
220040
220039
220039
220038
220037
220036
220035
220034
220033
220031
220031
221030
222029
223028
224028
224028
225028
226028
227028
229028
230028
231028
232028
232028
233028
234028
235028
236028
238028
239028
240028
240028
241029
242030
243031
244032
244032
244033
244035
244036
244037
244038
244039
244040
244040
244041
244042
244044
244045
244046
244047
244048
244048
244049
244050
244051
244053
244054
244055
244056
244056
244057
244058
244059
244060
244062
244063
244064
244064
244065
244066
244067
244068
244069
244071
244072
244072
244073
244074
244075
244076
244077
244078
244080
244080
244081
244082
244083
244084
244085
244086
244087
244088
244089
244090
244091
244092
244093
244094
244095
244096
244096
244098
244099
244100
244101
244102
244103
244104
244104
244105
244107
244108
244109
244110
244111
244112
244113
244114
244116
244117
244118
244119
244120
244121
244122
244123
244125
244126
244127
244128
244129
244130
244131
244132
244134
244135
244136
243137
242138
241139
240140
239140
239140
237140
236140
235140
234140
233140
232140
231140
231140
230140
228140
227140
226140
225140
224140
223140
223140
222141
221142
220144
220144
220145
220146
220147
220148
220149
220150
220151
220152
220153
220154
220155
220156
220157
220158
220159
220160
220160
218162
217163
216164
215164
215164
214164
213164
212164
211164
209164
208164
207164
207164
206164
205164
204164
203164
202164
200164
199164
198165
197166
196167
196168
196169
196170
196172
196173
196174
196175
196176
196177
196178
196179
196181
196182
196183
196184
195185
194186
193187
192188
191188
190188
189188
188188
187188
186188
185188
184188
183188
183188
181188
180188
179188
178188
177188
176188
175188
175188
174187
172185
172184
172183
172183
172182
172181
172180
172179
172178
172176
172175
172175
172174
172173
172172
172171
172170
172169
172167
172167
172166
172165
172164
172163
172162
172161
172160
172159
172158
172157
172156
172155
172154
172153
172152
172151
172151
172149
172148
172147
172146
172145
172144
172143
172143
173142
175140
176140
176140
177140
178140
179140
180140
181140
182140
184140
184140
185140
186140
187140
188140
189140
190140
191140
193139
194138
195137
196136
196135
196134
196133
196132
196130
196129
196128
196127
196126
196125
196124
196123
196121
196120
196119
196118
196117
196116
196115
196114
196112
196111
196110
196109
196108
196107
196106
196105
196103
196102
196101
196100
196099
196098
196097
196096
196094
196093
196092
196091
196090
196089
196088
196087
196087
196085
196084
196083
196082
196081
196080
196079
196079
196078
196076
196075
196074
196073
196072
196071
195070
194069
192068
191068
190068
189068
188068
187068
186068
185068
183068
182068
181068
180068
179068
178068
177068
176068
174068
173068
172068
171068
170068
169068
168068
167068
167068
165068
164068
163068
162068
161068
160068
159068
159068
158068
156068
155068
154068
153068
152068
151068
151068
150068
149068
147068
146068
145068
144068
143068
143068
142068
141068
140068
138068
137068
136068
135068
135068
134068
133068
132068
131068
129068
128068
127068
127068
126067
125066
124065
124064
124063
124061
124060
124059
124058
124057
124056
124055
124054
124052
124051
124050
124049
124048
124047
124046
124045
124043
124042
124041
124040
124039
124038
124037
124036
124034
124033
124032
124031
124030
124029
124028
124027
124025
124024
124023
124022
124021
124020
124019
124018
124016
124015
124014
124013
124012
124011
124010
124009
124007
124006
124005
124004
124003
124002
124001
124000
124254
124253
124252
124251
124250
124249
124248
124247
124245
124244
124243
124242
124241
124240
124239
124238
124236
124235
124234
124233
124232
124231
124230
124229
124227
124226
124225
124224
124223
124222
124221
124220
124218
124217
124216
124215
124214
124213
124212
124211
124209
124208
124207
124206
124205
124204
124203
124202
124200
124199
124198
124197
124196
124195
124194
124193
124191
124191
123190
122189
121188
120188
119188
119188
118188
117188
115188
114188
113188
112188
111188
111188
110188
109188
108188
106188
105188
104188
103188
103188
102188
101188
100188
099188
097188
096188
095188
095188
094188
093188
092188
091188
090188
088188
087188
087188
086188
085188
084188
083188
082188
081188
079188
079188
078188
077188
076188
075188
074188
073188
072188
071188
070188
069188
068188
067188
066188
065188
064188
063188
063188
061188
060188
059188
058188
057188
056188
055188
055188
054187
052185
052184
052183
052183
052182
052181
052180
052179
052178
052176
052175
052175
052174
052173
052172
052171
052170
052169
052167
052166
052165
052164
052163
052162
052161
052160
052158
052157
052156
052155
052154
052153
052152
052151
052149
052148
052147
052146
052145
052144
052143
051142
049140
048140
047140
047140
046140
045140
044140
043140
042140
040140
039140
039140
038140
037140
036140
035140
034140
033140
031140
031140
030140
029140
028140
027140
026140
025140
024140
023140
022141
021142
020143
020144
020144
020145
020146
020147
020148
020150
020151
020152
020152
020153
020154
020155
020156
020157
020159
020160
020160
020161
020162
020163
020164
020165
020166
020168
020168
020169
020170
020171
020172
020173
020174
020175
020176
020177
020178
020179
020180
020181
020182
020183
020184
020184
022186
023187
024188
024188
025188
026188
027188
028188
029188
031188
032188
032188
033188
034188
035188
036188
037188
038188
040188
040188
041188
042188
043188
044188
045188
046188
047188
049189
050190
051191
052192
052192
052193
052194
052195
052196
052198
052199
052200
052200
052201
052202
052203
052204
052205
052207
052208
052208
052209
052210
052211
052212
052213
052214
052216
052216
052217
052218
052219
052220
052221
052222
052223
052224
053225
054226
055227
056228
056228
057228
058228
059228
060228
062228
063228
064228
064228
065228
066228
067228
068228
069228
071228
072228
072228
073227
074226
075225
076224
076223
076223
076222
076220
076219
076218
076217
076216
076215
076215
076214
076213
076211
076210
076209
076208
076207
076207
076206
076205
076204
076202
076201
076200
076199
076199
076198
076197
076196
076195
076193
076192
076191
075190
074189
073188
072188
071188
069188
068188
067188
066188
065188
064188
063188
062188
060188
059188
058188
057188
056188
055188
054187
053186
052184
052183
052182
052181
052180
052179
052178
052177
052175
052174
052173
052172
052171
052170
052169
052168
052166
052165
052164
052163
052162
052161
052160
052159
052157
052156
052155
052154
052153
052152
052151
052150
052148
052147
052146
052145
052144
052143
052142
052141
052139
052138
052137
052136
052135
052134
052133
052132
052130
052129
052128
052127
052126
052125
052124
052123
052121
052120
052119
052118
052117
052116
052115
052114
052112
052111
052110
052109
052108
052107
052106
052105
052103
052102
052101
052100
052099
052098
052097
052096
052094
052093
052092
052091
052090
052089
052088
052087
052087
052085
052084
052083
052082
052081
052080
052079
052079
052078
052076
052075
052074
052073
052072
052071
052071
051070
050069
048068
047068
047068
046068
045068
044068
043068
042068
041068
039068
039068
038068
037068
036068
035068
034068
033068
032068
031068
030068
029068
028068
027068
026068
025068
024068
023068
023068
021070
020071
020072
020072
020073
020074
020075
020076
020077
020079
020080
020080
020081
020082
020083
020084
020085
020086
020088
020088
020089
020090
020091
020092
020093
020094
020095
020096
020097
020098
020099
020100
020101
020102
020103
020104
020104
020106
020107
020108
020109
020110
020111
020112
020112
021113
023115
024116
024116
025116
026116
027116
028116
029116
030116
032116
032116
033116
034116
035116
036116
037116
038116
039116
040116
041116
042116
043116
044116
045116
046116
047116
048116
050118
051119
052120
052121
052122
052123
052124
052125
052127
052128
052129
052130
052131
052132
052133
052134
052136
052137
052138
052139
052140
052141
052142
052143
052145
052146
052147
052148
052149
052150
052151
052152
052154
052155
052156
052157
052158
052159
052160
053161
055163
056164
057164
058164
059164
060164
061164
062164
064164
065164
066164
067164
068164
069164
070164
071164
073163
074162
075161
076160
076159
076158
076157
076156
076154
076153
076152
076151
076150
076149
076148
076147
076145
076144
076143
077142
078141
079140
080140
081140
083140
084140
085140
086140
087140
088140
089140
090140
092140
093140
094140
095140
096140
097141
098142
099143
100145
100146
100147
100148
100149
100150
100151
100152
100154
100155
100156
100157
100158
100159
100160
101161
103163
104164
105164
106164
107164
108164
109164
110164
112164
113164
114164
115164
116164
117164
118164
119164
121164
122164
123164
124164
125164
126164
127164
128164
130164
131164
132164
133164
134164
135164
136164
137164
139164
140164
141164
142164
143164
144164
145163
146162
148160
148159
148158
148157
148156
148155
148154
148153
148151
148150
148149
148148
148147
148146
148145
148144
148142
148141
148140
148139
148138
148137
148136
148135
148133
148132
148131
148130
148129
148128
148127
148126
148124
148123
148122
148121
148120
148119
148118
148117
148115
148114
148113
148112
148111
148110
148109
148108
148106
148105
148104
148103
148102
148101
148100
148099
148097
148096
148095
147094
146093
145092
144092
143092
141092
140092
139092
138092
137092
136092
135092
134092
132092
131092
130092
129092
128092
127092
126091
125090
124088
124087
124086
124085
124084
124083
124082
124081
124079
124078
124077
124076
124075
124074
124073
124072
123070
122069
121068
120068
119068
119068
118068
117068
116068
114068
113068
112068
111068
111068
110068
109068
108068
107068
105068
104068
103068
103068
102068
101068
100068
099068
098068
096068
095068
095068
094068
093068
092068
091068
090068
089068
087068
087068
086068
085068
084068
083068
082068
081068
080068
079068
078068
077068
076068
075068
074068
073068
072068
071068
071068
069068
068068
067068
066068
065068
064068
063068
063068
062068
060068
059068
058068
057068
056068
055068
054067
053066
052064
052063
052063
052062
052061
052060
052059
052058
052057
052055
052055
052054
052053
052052
052051
052050
052049
052048
052047
052046
052045
052044
052043
052042
052041
052040
052039
052039
052037
052036
052035
052034
052033
052032
052031
052031
053030
055028
056028
056028
057028
058028
059028
060028
061028
062028
064028
064028
065028
066028
067028
068028
069028
070028
071028
072028
073029
074030
075031
076032
076032
076033
076034
076035
076036
076038
076039
076040
076040
076041
076042
076043
076044
076045
076047
076048
076048
076049
076050
076051
076052
076053
076054
076056
076056
076057
076058
076059
076060
076061
076062
076063
075065
074066
073067
072068
071068
070068
069068
068068
066068
065068
064068
063068
062068
061068
060068
059068
057068
056068
055068
054068
053068
052068
051068
050068
048068
047068
046068
045068
044068
043068
042068
041068
039068
038068
037068
036068
035068
034068
033068
032068
030068
029068
028068
027068
026068
025068
024068
023068
021066
020065
020064
020063
020063
020062
020061
020060
020059
020057
020056
020055
020055
020054
020053
020052
020051
020050
020048
020047
020047
020046
020045
020044
020043
020042
020041
020039
020039
020038
020037
020036
020035
020034
020033
020032
020031
021030
022029
023028
024028
024028
025028
026028
027028
028028
030028
031028
032028
032028
032028
032028
032028
034028
035028
036028
037028
038028
039028
040028
040028
041028
043028
044028
045028
046028
047028
048028
049029
050030
052032
052033
052034
052035
052036
052037
052038
052039
052041
052042
052043
052044
052045
052046
052047
052048
052050
052051
052052
052053
052054
052055
052056
052057
052059
052060
052061
052062
052063
052064
052065
052066
052068
052069
052070
052071
052072
052073
052074
052075
052077
052078
052079
052080
052081
052082
052083
052084
052086
052087
052088
052089
052090
052091
052092
052093
052095
052096
052097
052098
052099
052100
052101
052102
052104
052105
052106
052107
052108
052109
052110
052111
052113
052114
052115
052116
052117
052118
052119
052120
052122
052123
052124
052125
052126
052127
052128
052129
052131
052132
052133
052134
052135
052136
051137
050138
048140
047140
046140
045140
044140
043140
042140
041140
039140
038140
037140
036140
035140
034140
033140
032140
030140
029140
028140
027140
026140
025140
024140
023140
021142
020143
020144
020145
020146
020147
020148
020149
020151
020152
020153
020154
020155
020156
020157
020158
020160
020161
020162
020163
020164
020165
020166
020167
020169
020170
020171
020172
020173
020174
020175
020176
020178
020179
020180
020181
020182
020183
020184
020185
020187
020188
020189
020190
020191
020192
020192
020193
020194
020196
020197
020198
020199
020200
020200
020201
020202
020203
020205
020206
020207
020208
020208
020209
020210
020211
020212
020214
020215
020216
020216
020217
020218
020219
020220
020221
020223
020224
020224
021225
022226
023227
024228
024228
025228
026228
028228
029228
030228
031228
032228
032228
032228
032228
033228
034228
035228
036228
037228
038228
039228
040228
041228
042228
043228
044228
045228
046228
047228
048228
050228
051228
052228
053228
054228
055228
056228
057228
059228
060228
061228
062228
063228
064228
065228
066228
068228
069228
070228
071228
072228
073227
074226
075225
076223
076222
076221
076220
076219
076218
076217
076216
076214
076213
076212
076211
076210
076209
076208
076207
076205
076204
076203
076202
076201
076200
076199
076198
076196
076195
076194
076193
076192
076191
077190
078189
080188
081188
082188
083188
084188
085188
086188
087188
089188
090188
091188
092188
093188
094188
095188
096188
098188
099188
100188
101188
102188
103188
104188
105188
107188
108188
109188
110188
111188
112188
113188
114188
116188
117188
118188
119188
120188
121188
122188
123188
125188
126188
127188
128188
128188
129188
130188
131188
132188
134188
135188
136188
136188
137188
138188
139188
140188
141188
143188
144188
144188
145188
146188
147188
148188
149188
150188
152188
152188
153188
154188
155188
156188
157188
158188
159188
160188
161188
162188
163188
164188
165188
166188
167188
168188
170190
171191
172192
172192
172193
172194
172195
172196
172197
172199
172200
172200
172201
172202
172203
172204
172205
172206
172208
172208
172209
172210
172211
172212
172213
172214
172215
172216
172217
172218
172219
172220
172221
172222
172223
172224
172224
174226
175227
176228
176228
177228
178228
179228
180228
181228
183228
184228
184228
185228
186228
187228
188228
189228
190228
192228
192228
192228
192228
192228
193227
194226
195225
196223
196223
196222
196221
196220
196219
196218
196217
196216
196215
197214
198213
199212
200212
200212
201212
202212
203212
204212
206212
207212
208212
208212
209212
210212
211212
212212
213212
215212
216212
217213
218214
219215
220216
220217
220218
220220
220221
220222
220223
220224
221225
222226
223227
225228
226228
227228
228228
229228
230228
231228
232228
234228
235228
236228
237228
238228
239228
240228
241227
243225
244224
244223
244222
244221
244220
244219
244218
244216
244215
244214
244213
244212
244211
244210
244209
244207
244206
244205
244204
244203
244202
244201
244200
244198
244197
244196
244195
244194
244193
244192
244191
244189
244188
244187
244186
244185
244184
244183
244182
244180
244179
244178
244177
244176
244175
244174
244173
244171
244170
244169
244168
244167
244166
244165
244164
244162
244161
244160
244159
244158
244157
244156
244155
244153
244152
244151
244150
244149
244148
244147
244146
244144
244143
244142
244141
244140
244139
244138
244137
244135
244134
244133
244132
244131
244130
244129
244128
244126
244125
244124
244123
244122
244121
244120
244119
242117
241116
240116
239116
238116
237116
236116
235116
233116
232116
231116
230116
229116
228116
227116
226116
224116
223116
222115
221114
220113
220112
220111
220110
220108
220107
220106
220105
220104
220103
220102
220101
220099
220098
220097
220096
220095
219094
218093
217092
215092
214092
213092
212092
211092
210092
209092
208092
206092
205092
204092
203092
202092
201092
200092
199092
197090
196089
196088
196087
196086
196085
196084
196083
196081
196080
196079
196078
196077
196076
196075
196074
196072
196071
195070
194069
193068
192068
191068
190068
188068
187068
186068
185068
184068
183068
182068
181068
179068
178068
177068
176068
175068
174067
173066
172065
172063
172063
172062
172061
172060
172059
172058
172057
172056
172055
172054
172053
172052
172051
172050
172049
172048
172047
172047
172045
172044
172043
172042
172041
172040
172039
172039
172038
172036
172035
172034
172033
172032
172031
172031
173030
174029
176028
176028
177028
178028
179028
180028
181028
182028
183028
184028
185028
186028
187028
188028
189028
190028
191028
192028
192028
192028
192028
193029
194030
195031
196032
196032
196034
196035
196036
196037
196038
196039
196040
196040
197041
199043
200044
200044
201044
202044
203044
204044
205044
206044
208044
208044
208044
208044
208044
208044
208044
208044
208044
208044
208044
208044
208044
208044
208044
208044
208044
208044
208044
208044
208044
208044
208044
208044
208044
208044
208044
208044
208044
208044
208044
208044
208044
208044
208044
208044
208044
208044
208044
208044
208044
208044
208044
208044
208044
208044
208044
208044
208044
208044
208044
208044
208044
208044
208044
208044
208044
208044
208044
208044
208044
208044
208044
208044
208044
208044
208044
208044
208044
208044
208044
208044
208044
208044
208044
208044
208044
208044
208044
208044
208044
208044
208044
208044
208044
208044
208044
208044
208044
208044
208044
208044
208044
208044
208044
208044
208044
208044
208044
208044
208044
208044
208044
208044
208044
208044
208044
208044
208044
208044
208044
208044
208044
208044
208044
208044
208044
208044
208044
208044
208044
208044
208044
208044
208044
208044
208044
208044
208044
208044
208044
208044
208044
208044
208044
208044
208044
208044
208044
208044
208044
208044
208044
208044
208044
208044
208044
208044
208044
208044
208044
208044
208044
208044
208044
208044
208044
208044
208044
208044
208044
208044
208044
208044
208044
208044
208044
208044
208044
208044
208044
208044
208044
208044
208044
208044
208044
208044
208044
208044
208044
208044
208044
208044
208044
208044
208044
208044
208044
208044
208044
208044
208044
208044
208044
208044
208044
208044
208044
208044
208044
208044
208044
208044
208044
208044
208044
208044
208044
208044
208044
208044
208044
208044
208044
208044
208044
208044
