196128
196128
196128
196128
196128
196128
196128
196128
196128
196128
196128
196128
196128
196128
196128
196128
196128
196128
196128
196128
196128
196128
196128
196128
196128
196128
196128
196128
196128
196128
196128
196128
196128
196128
196128
196128
196128
196128
196128
196128
196128
196128
196128
196128
196128
196128
196128
196128
196128
196128
196128
196128
196128
196128
196128
196128
196128
196128
196128
196128
196128
196128
196128
196128
196128
196128
196128
196128
196128
196128
196128
196128
196128
196128
196128
196128
196128
196128
196128
196128
196128
196128
196128
196128
196128
196128
196128
196128
196128
196128
196128
196128
196128
196128
196128
196128
196128
196128
196128
196128
196128
196128
196128
196128
196128
196128
196128
196128
196128
196128
196128
196128
196128
196128
196128
196128
196128
196128
196128
196130
196131
196132
196133
196134
196135
196136
196136
196137
196139
196140
196141
196142
196143
196144
196144
196145
196146
196148
196149
196150
196151
196152
196152
196153
196154
196155
196157
196158
196159
196160
196160
196161
196162
196163
196164
196166
196167
196168
196168
196169
196170
196171
196172
196173
196175
196176
196176
196177
196178
196179
196180
196181
196182
196184
196184
197185
198186
199187
200188
200188
201188
202188
203188
205188
206188
207188
208188
208188
209188
210188
211188
212188
214188
215188
216188
216188
217189
218190
219191
220192
220192
220193
220195
220196
220197
220198
220199
220200
220200
220201
220202
220204
220205
220206
220207
220208
220208
220209
220210
220211
220213
220214
220215
220216
220216
220217
220218
220219
220220
220222
220223
220224
220224
221225
222226
223227
224228
224228
225228
227228
228228
229228
230228
231228
232228
232228
233228
234228
236228
237228
238228
239228
240228
240228
241227
242226
243225
244223
244223
244222
244221
244220
244219
244218
244217
244216
244215
244214
244213
244212
244211
244210
244209
244208
244207
244207
244205
244204
244203
244202
244201
244200
244199
244199
244198
244196
244195
244194
244193
244192
244191
244191
244190
244189
244187
244186
244185
244184
244183
244183
244182
244181
244180
244178
244177
244176
244175
244175
244174
244173
244172
244171
244169
244168
244167
244167
244166
244165
244164
244163
244162
244160
244159
244159
244158
244157
244156
244155
244154
244153
244151
244151
244150
244149
244148
244147
244146
244145
244144
244143
244142
244141
244140
244139
244138
244137
244136
244135
244135
244133
244132
244131
244130
244129
244128
244127
244127
244126
244124
244123
244122
244121
244120
244119
244119
244118
244117
244115
244114
244113
244112
244111
244111
244110
244109
244108
244106
244105
244104
------
244103
244103
244102
244101
244100
244099
244097
244096
244095
244095
244094
244093
244092
244091
244090
244088
244087
244087
244086
244085
244084
244083
244082
244081
244079
244079
244078
244077
244076
244075
244074
244073
244072
244071
244070
244069
244068
244067
244066
244065
244064
244063
244063
244061
244060
244059
244058
244057
244056
244055
244055
244054
244052
244051
244050
244049
244048
244047
244047
244046
244045
244043
244042
244041
244040
244039
244039
244038
244037
244036
++++++
244040
244041
244042
244044
244045
244046
244047
244048
244049
244050
244051
244053
244054
244055
244056
244057
244058
244059
244060
244062
244063
244064
244065
244066
244067
244068
244069
244071
244072
244073
244074
244075
244076
244077
244078
244080
244081
244082
244083
244084
244085
244086
244087
244089
244090
244091
244092
244093
244094
244095
244096
244098
244099
244100
244101
244102
244103
244104
244105
244107
244108
244109
244110
244111
244112
243113
242114
240116
239116
239116
238116
237116
236116
235116
234116
233116
231116
231116
230116
229116
228116
227116
226116
225116
224116
223116
222115
221114
220113
220112
220111
220111
220110
220109
220108
220106
220105
220104
220103
220103
220102
220101
220100
220099
220097
220096
220095
220095
220094
219093
218092
217092
216092
215092
214092
213092
212092
211092
210092
209092
208092
207092
207092
205092
204092
203092
202092
201092
200092
199092
199092
198093
196095
196096
196096
196097
196098
196099
196100
196101
196102
196104
196104
196105
196106
196107
196108
196109
196110
196111
196112
196113
196114
196115
196116
196117
196118
196119
196120
196122
196123
196124
196125
196126
196127
196128
196129
196131
196132
196133
196134
196135
196136
195137
194138
192140
191140
191140
190140
189140
188140
187140
186140
185140
183140
183140
182140
181140
180140
179140
178140
177140
176140
175140
174141
173142
172143
172144
172144
172145
172146
172147
172148
172150
172151
172152
172152
172153
172154
172155
172156
172157
172159
172160
172160
172161
172162
172163
172164
172165
172166
172168
172168
172169
172170
172171
172172
172173
172174
172175
172176
172177
172178
172179
172180
172181
172182
172183
172184
172184
170186
169187
168188
167188
167188
166188
165188
164188
163188
161188
160188
159188
159188
158188
157188
156188
155188
154188
152188
151188
151188
150188
149188
148188
147188
146188
145188
143188
143188
142188
141188
140188
139188
138188
137188
136188
135188
134188
133188
132188
131188
130188
129188
128188
127188
127188
125188
124188
123188
122188
121188
120188
119188
119188
118188
116188
115188
114188
113188
112188
111188
111188
110188
109188
107188
106188
105188
104188
103188
103188
102188
101188
100188
098188
097188
096188
095188
095188
094188
093188
092188
091188
089188
088188
087188
087188
086188
085188
084188
083188
082188
080188
079188
079188
078188
077188
076188
075188
074188
073188
071188
071188
070188
069188
068188
067188
066188
065188
064188
063188
062188
061188
060188
059188
058188
057188
056188
055188
055188
053186
052185
052184
052183
052183
052182
052181
052180
052179
052177
052176
052175
052175
052174
052173
052172
052171
052170
052168
052167
052167
052166
052165
052164
052163
052162
052161
052159
052159
052158
052157
052156
052155
052154
052153
052152
052151
052150
052149
052148
052147
052146
052145
052144
052143
052143
052141
052140
052139
052138
052137
052136
052135
052135
052134
052132
052131
052130
052129
052128
052127
052127
052126
052125
052123
052122
052121
052120
052119
052119
052118
052117
052116
052114
052113
052112
052111
052111
052110
052109
052108
052107
052105
052104
052103
052103
052102
052101
052100
052099
052098
052096
052095
052095
053094
054093
055092
056092
056092
057092
058092
060092
061092
062092
063092
064092
064092
065092
066092
067092
069092
070092
071092
072092
072092
073093
074094
075095
076096
076096
076098
076099
076100
076101
076102
076103
076104
076104
076105
076107
076108
076109
076110
076111
076112
076112
077113
078114
080116
081116
082116
083116
084116
085116
086116
087116
089116
090116
091116
092116
093116
094116
095116
096116
098114
099113
100112
100111
100110
100109
100108
100107
100105
100104
100103
100102
100101
100100
100099
100098
100096
100095
101094
102093
103092
104092
105092
106092
108092
109092
110092
111092
112092
113092
114092
115092
117092
118092
119092
120092
121092
122092
123092
124092
126092
127092
128092
129092
130092
131092
132092
133092
135092
136092
137092
138092
139092
140092
141092
142092
144092
145093
146094
147095
148096
148097
148098
148099
148101
148102
148103
148104
148105
148106
148107
148108
148110
148111
148112
148113
148114
148115
148116
148117
148119
148120
148121
148122
148123
148124
148125
148126
148128
148129
148130
148131
148132
148133
148134
148135
148137
148138
148139
148140
148141
148142
148143
148144
148146
148147
148148
148149
148150
148151
148152
148153
148155
148156
148157
148158
148159
148160
147161
146162
144164
143164
142164
141164
140164
139164
138164
137164
135164
134164
133164
132164
131164
130164
129164
128164
126165
125166
124167
124168
124169
124170
124171
124172
124174
124175
124176
124177
124178
124179
124180
124181
124183
124184
125185
126186
127187
128188
129188
130188
132188
133188
134188
135188
136188
137188
138188
139188
141188
142188
143188
144188
145188
146188
147188
148188
150188
151188
152188
153188
154188
155188
156188
157188
159188
160188
161188
162188
163188
164188
165188
166188
168188
169188
170188
171188
172188
173188
174188
175188
176188
177188
178188
179188
180188
181188
182188
183188
184188
184188
186188
187188
188188
189188
190188
191188
192188
193188
195188
196188
197188
198188
199188
200188
201188
202188
204188
205188
206188
207188
208188
209188
210188
211188
213188
214188
215188
216188
217189
218190
219191
220192
220194
220195
220196
220197
220198
220199
220200
220201
220203
220204
220205
220206
220207
220208
219209
218210
216212
215212
215212
214212
213212
212212
211212
210212
209212
207212
207212
206212
205212
204212
203212
202212
201212
200212
199212
198213
197214
196215
196216
196216
196217
196218
196219
196220
196222
196223
196224
196224
196224
196224
196224
194226
193227
192228
191228
191228
190228
189228
188228
187228
185228
184228
183228
183228
182228
181228
180228
179228
178228
176228
175228
175228
174227
173226
172225
172224
172223
172223
172222
172220
172219
172218
172217
172216
172215
172215
172214
172213
172211
172210
172209
172208
172207
172207
172206
172205
172204
172202
172201
172200
172199
172199
172198
172197
172196
172195
172193
172192
172191
173190
174189
175188
176188
177188
179188
180188
181188
182188
183188
184188
185188
186188
188188
189188
190188
191188
192188
193187
194186
195185
196183
196182
196181
196180
196179
196178
196177
196176
196174
196173
196172
196171
196170
196169
196168
196167
198165
199164
200164
200164
201164
202164
203164
204164
205164
207164
208164
208164
209164
210164
211164
212164
213164
214164
216164
216164
217163
218162
219161
220160
220159
220159
220158
220157
220155
220154
220153
220152
220151
220151
220150
220149
220148
220146
220145
220144
220143
220143
221142
222141
223140
224140
224140
226140
227140
228140
229140
230140
231140
232140
232140
233140
235140
236140
237140
238140
239140
240140
241139
242138
244136
244135
244134
244133
244132
244131
244130
244129
244127
244126
244125
244124
244123
244122
244121
244120
244118
244117
244116
244115
244114
244113
244112
244111
244109
244108
244107
244106
244105
244104
244103
244102
244100
244099
244098
244097
244096
244095
244094
244093
244091
244090
244089
244088
244087
244086
244085
244084
244082
244081
244080
244079
244078
244077
244076
244075
244073
244072
244071
244070
244069
244068
244067
244066
244064
244063
244062
244061
244060
244059
244058
244057
244055
244054
244053
244052
244051
244050
244049
244048
244046
244045
244044
244043
244042
244041
244040
244039
244037
244036
244035
244034
244033
244032
244031
244031
244030
242028
241028
240028
239028
239028
238028
237028
236028
235028
233028
232028
231028
231028
230028
229028
228028
227028
226028
224028
223028
223028
222029
221030
220031
220032
220032
220033
220034
220036
220037
220038
220039
220040
220040
219041
218042
217043
215044
215044
214044
213044
212044
211044
210044
209044
208044
207044
206044
205044
204044
203044
202044
201044
200044
199044
199044
197042
196041
196040
196039
196039
196038
196037
196036
196035
196033
196032
196031
196031
196031
196031
196031
194029
193028
192028
191028
191028
190028
189028
188028
187028
185028
184028
183028
183028
182028
181028
180028
179028
178028
176028
175028
175028
174029
173030
172031
172032
172032
172033
172034
172036
172037
172038
172039
172040
172040
172041
172042
172043
172045
172046
172047
172048
172048
172049
172050
172051
172052
172054
172055
172056
172056
172057
172058
172059
172060
172061
172063
172064
172064
173065
174066
175067
176068
176068
177068
178068
180068
181068
182068
183068
184068
184068
185068
186068
187068
189068
190068
191068
192068
192068
193068
194068
195068
196068
198068
197069
196070
196071
196072
196072
196073
196074
196075
196077
196078
196079
196080
196080
196081
196082
196083
196084
196086
196087
196088
196089
196090
196091
196092
196093
196095
196096
196097
196098
196099
196100
196101
196102
196104
196105
196106
196107
196108
196109
196110
196111
195113
194114
193115
192116
191116
191116
190116
189116
188116
186116
185116
184116
183116
183116
182116
181116
180116
179116
177116
176116
175116
175116
174115
173114
172113
172112
172111
172111
172109
172108
172107
172106
172105
172104
172103
172103
172102
172100
172099
172098
172097
172096
172095
172095
172094
172093
172091
172090
172089
172088
172087
172087
172086
172085
172084
172082
172081
172080
172079
172079
172078
172077
172076
172075
172073
172072
172071
173070
174069
------
175068
176068
177068
179068
180068
181068
182068
183068
184068
185068
186068
188068
189068
190068
191068
192068
193068
194068
195068
197068
198068
199068
200068
200068
201068
202068
203068
204068
206068
207068
208068
208068
209068
210068
211068
212068
213068
215068
216068
216068
217068
218067
219066
220065
220064
220063
220063
220061
220060
220059
220058
220057
220056
220055
220055
220054
220052
220051
220050
220049
++++++
220052
220053
220054
220055
220056
220057
220059
220060
220061
220062
220063
220064
219065
218066
216068
215068
214068
213068
212068
211068
210068
209068
207068
206068
205068
204068
203068
202068
201068
200068
198068
197068
196068
195068
194068
193068
192068
191068
189068
188068
187068
186068
185068
184068
183068
182068
180068
179068
178068
177068
176068
175068
174068
173068
171068
170068
169068
168068
167068
167068
166068
165068
164068
162068
161068
160068
159068
159068
158068
157068
156068
155068
153068
152068
151068
151068
150068
149068
148068
147068
146068
144068
143068
143068
142068
141068
140068
139068
138068
137068
135068
135068
134068
133068
132068
131068
130068
129068
128068
127068
126068
125068
124068
123068
122068
121068
120068
119068
119068
117068
116068
115068
114068
113068
112068
111068
111068
110068
108068
107068
106068
105068
104068
103068
103068
102068
100068
099068
098068
097068
096068
095068
095068
094068
093068
091068
090068
089068
088068
087068
087068
086068
085068
084068
082068
081068
080068
079068
079068
078067
077066
076065
076064
076063
076062
076061
076060
076059
076058
076057
076056
076055
076055
076053
076052
076051
076050
076049
076048
076047
076047
076046
076044
076043
076042
076041
076040
076039
076039
076038
076037
076035
076034
076033
076032
076031
076031
075030
074029
073028
071028
071028
070028
069028
068028
067028
066028
065028
064028
063028
062028
061028
060028
059028
058028
057028
056028
055028
055028
053030
052031
052032
052032
052033
052034
052035
052036
052037
052039
052040
052040
052041
052042
052043
052044
052045
052046
052048
052048
052049
052050
052051
052052
052053
052054
052055
052056
052057
052058
052059
052060
052061
052062
052063
052064
052064
050066
049067
048068
047068
047068
046068
045068
044068
043068
041068
040068
039068
039068
038068
037068
036068
035068
034068
032068
031068
031068
030068
029068
028068
027068
026068
025068
023068
023068
022069
021070
020071
020072
020072
020073
020074
020075
020077
020078
020079
020080
020080
020081
020082
020083
020084
020086
020087
020088
020088
020089
020090
020091
020092
020093
020095
020096
020096
020097
020098
020099
020100
020101
020102
020104
020104
020105
020106
020107
020108
020109
020110
020111
020112
021113
022114
023115
024116
024116
025116
026116
027116
028116
030116
031116
032116
032116
033116
034116
035116
036116
037116
039116
040116
040116
041116
042116
043116
044116
045116
046116
048116
049117
050118
051119
052120
052121
052122
052123
052125
052126
052127
052128
052129
052130
052131
052132
052134
052135
052136
052137
052138
052139
051140
050140
048140
047140
047140
046140
045140
044140
043140
042140
041140
039140
039140
038140
037140
036140
035140
034140
033140
032140
031140
030140
029140
028140
027140
026140
025140
024140
023140
023140
021142
020143
020144
020144
020145
020146
020147
020148
020149
020151
020152
020152
020153
020154
020155
020156
020157
020158
020160
020160
020161
020162
020163
020164
020165
020166
020167
020168
020169
020170
020171
020172
020173
020174
020175
020176
020176
020178
020179
020180
020181
020182
020183
020184
020184
021185
023187
024188
024188
025188
026188
027188
028188
029188
030188
032188
032188
033188
034188
035188
036188
037188
038188
039188
040188
041188
042188
043188
044188
045188
046188
047188
048188
050190
051191
052192
052192
052193
052194
052195
052196
052197
052199
052200
052200
052201
052202
052203
052204
052205
052206
052208
052208
052209
052210
052211
052212
052213
052214
052215
052216
052217
052218
052219
052220
052221
052222
052223
052224
052224
050226
049227
048228
047228
047228
046228
045228
044228
043228
041228
040228
039228
039228
039228
039228
039228
037228
036228
035228
034228
033228
032228
031228
031228
030228
028228
027228
026228
025228
024228
023228
023228
022227
021226
020224
020223
020223
020222
020221
020220
020219
020218
020217
020215
020215
020214
020213
020212
020211
020210
020209
020208
020207
020206
020205
020204
020203
020202
020201
020200
020199
020199
020197
020196
020195
020194
020193
020192
020191
021190
023188
024188
025188
026188
027188
028188
029188
030188
032188
033188
034188
035188
036188
037188
038188
039188
041188
042188
043188
044188
045188
046188
047188
048188
050190
051191
052192
052193
052194
052195
052196
052197
052199
052200
052201
052202
052203
052204
052205
052206
052208
052209
052210
052211
052212
052213
052214
052215
052217
052218
052219
052220
052221
052222
052223
052224
054226
055227
056228
056228
057228
058228
059228
060228
061228
063228
064228
064228
065228
066228
067228
068228
069228
070228
072228
072228
073227
074226
075225
076224
076223
076223
076222
076221
076219
076218
076217
076216
076215
076215
076214
076213
076212
076210
076209
076208
076207
076207
076206
076205
076204
076203
076201
076200
076199
076199
076198
076197
076196
076195
076194
076192
076191
075190
074189
073188
072188
071188
070188
068188
067188
066188
065188
064188
063188
062188
061188
059188
058188
057188
056188
055188
054187
053186
052185
052183
052182
052181
052180
052179
052178
052177
052176
052174
052173
052172
052171
052170
052169
052168
052167
052165
052164
052163
052162
052161
052160
052159
052158
052156
052155
052154
052153
052152
052151
052150
052149
052147
052146
052145
052144
052143
052142
052141
052140
052138
052137
052136
052135
052134
052133
052132
052131
052129
052128
052127
052126
052125
052124
052123
052122
052120
052119
052118
052117
052116
052115
052114
052113
052111
052110
052109
052108
052107
052106
052105
052104
052102
052101
052100
052099
052098
052097
052096
052095
052093
052092
052091
052090
052089
052088
052087
052087
052086
052084
052083
052082
052081
052080
052079
052079
052078
052077
052075
052074
052073
052072
052071
051070
050069
049068
047068
046068
045068
044068
043068
042068
041068
040068
038068
037068
036068
035068
034068
033068
032068
031068
029068
028068
027068
026068
025068
024068
023068
022067
020065
020064
020063
020063
020062
020061
020060
020059
020058
020056
020055
020055
020054
020053
020052
020051
020050
020049
020047
020047
020046
020045
020044
020043
020042
020041
020040
020039
020038
020037
020036
020035
020034
020033
020032
020031
020031
022029
023028
024028
024028
025028
026028
027028
028028
029028
031028
032028
032028
032028
032028
032028
033028
034028
036028
037028
038028
039028
040028
040028
041028
042028
043028
045028
046028
047028
048028
049028
050028
051028
052028
054028
055028
056028
057028
058028
059028
060028
061028
063028
064028
065028
066028
067028
068028
069028
070028
072028
073029
074030
075031
076032
076033
076034
076035
076037
076038
076039
076040
076041
076042
076043
076044
076046
076047
076048
076049
076050
076051
076052
076053
076055
076056
076057
076058
076059
076060
076061
076062
076064
075065
074066
073067
072068
071068
071068
070068
069068
067068
066068
065068
064068
063068
063068
062068
061068
060068
058068
057068
056068
055068
054069
053070
052071
052072
052074
052075
052076
052077
052078
052079
052080
052081
052083
052084
052085
052086
052087
052088
052089
052090
052092
052093
052094
052095
052096
052097
052098
052099
052101
052102
052103
052104
052105
052106
052107
052108
052110
052111
052112
052113
052114
052115
052116
052117
052119
052120
052121
052122
052123
052124
052125
052126
052128
052129
052130
052131
052132
052133
052134
052135
052137
052138
052139
052140
052141
052142
052143
052144
052146
052147
052148
052149
052150
052151
052152
052153
052155
052156
052157
052158
052159
052160
053161
054162
056164
056164
057164
058164
059164
060164
061164
062164
063164
064164
065164
066164
067164
068164
069164
070164
071164
072164
072164
074162
075161
076160
076159
076159
076158
076157
076156
076155
076153
076152
076151
076151
076150
076149
076148
076147
076146
076144
076143
076143
076143
076143
076143
076143
076143
076143
076143
076143
076143
076143
076143
076143
076143
076143
076143
076143
076143
076143
076143
076143
076143
076143
076143
076143
076143
076143
076143
076143
076143
076143
076143
076143
076143
076143
076143
076143
076143
076143
076143
076143
076143
076143
076143
076143
076143
076143
076143
076143
076143
076143
076143
076143
076143
076143
076143
076143
076143
076143
076143
076143
076143
076143
076143
076143
076143
076143
076143
076143
076143
076143
076143
076143
076143
076143
076143
076143
076143
076143
076143
076143
076143
076143
076143
076143
076143
076143
076143
076143
076143
076143
076143
076143
076143
076143
076143
076143
076143
076143
076143
076143
076143
076143
076143
076143
076143
076143
076143
076143
076143
076143
076143
076143
076143
076143
076143
076143
076143
076143
076143
076143
076143
076143
076143
076143
076143
076143
076143
076143
076143
076143
076143
076143
076143
076143
076143
076143
076143
076143
076143
076143
076143
076143
076143
076143
076143
076143
076143
076143
076143
076143
076143
076143
076143
076143
076143
076143
076143
076143
076143
076143
076143
076143
076143
076143
076143
076143
076143
076143
076143
076143
076143
076143
076143
076143
076143
076143
076143
076143
076143
076143
076143
076143
076143
076143
076143
076143
076143
076143
076143
076143
076143
076143
076143
076143
076143
076143
076143
076143
076143
076143
076143
076143
076143
076143
076143
076143
076143
076143
076143
076143
076143
076143
076143
076143
076143
076143
