196128
196128
196128
196128
196128
196128
196128
196128
196128
196128
196128
196128
196128
196128
196128
196128
196128
196128
196128
196128
196128
196128
196128
196128
196128
196128
196128
196128
196128
196128
196128
196128
196128
196128
196128
196128
196128
196128
196128
196128
196128
196128
196128
196128
196128
196128
196128
196128
196128
196128
196128
196128
196128
196128
196128
196128
196128
196128
196128
196128
196128
196128
196128
196128
196128
196128
196128
196126
196125
196124
196123
196121
196120
196119
196119
196118
196116
196115
196114
196113
196111
196111
196110
196109
196108
196106
196105
196104
196103
196103
196101
196100
196099
196098
196096
196095
196095
196094
196093
196091
196090
196089
196088
196087
196086
196085
196084
196083
196081
196080
196079
196079
196078
196076
196075
196074
196073
196071
196071
197070
198069
199068
200068
201068
202068
203068
204068
206068
207068
208068
208068
209068
211068
212068
213068
214068
216068
216068
217067
218066
219065
220063
220063
220062
220061
220060
220058
220057
220056
220055
220055
220053
220052
220051
220050
220048
220047
220047
220046
220045
220043
220042
220041
220040
220039
220038
220037
220036
220035
220033
220032
220031
220031
221030
223028
224028
224028
225028
226028
228028
229028
230028
231028
232028
233028
234028
235028
236028
238028
239028
240028
240028
241029
243031
244032
244032
244033
244034
244036
244037
244038
244039
244040
244041
244042
244043
244044
244046
244047
244048
244048
244049
244051
244052
244053
244054
244056
244056
244057
244058
244059
244061
244062
244063
244064
244064
244066
244067
244068
244069
244071
244072
244072
244073
244074
244076
244077
244078
244079
244080
244081
244082
244083
244084
244086
244087
244088
244088
244089
244091
244092
244093
244094
244096
244096
244097
244098
244099
244101
244102
244103
244104
244104
244106
244107
244108
244109
244111
244112
244112
244113
244114
244116
244117
244118
244119
244120
244121
244122
244123
244124
244126
244127
244128
244128
244129
244131
244132
244133
244134
244136
244136
243137
242138
241139
239140
239140
238140
237140
236140
234140
233140
232140
231140
231140
229140
228140
227140
226140
224140
223140
223140
222141
221142
220144
220144
220145
220146
220147
220149
220150
220151
220152
220152
220154
220155
220156
220157
220159
220160
220160
219161
218162
216164
215164
215164
214164
213164
211164
210164
209164
208164
207164
206164
205164
204164
203164
201164
200164
199164
199164
198163
196161
196160
196159
196159
196158
196156
196155
196154
196153
196151
196151
196150
196149
196148
196146
196145
196144
196143
196143
196141
196140
196139
196138
196136
196135
196134
196133
196131
196130
196129
196128
196126
196125
196124
196123
196121
196120
196119
195118
193116
192116
191116
191116
190116
188116
187116
186116
185116
183116
183116
182116
181116
180116
178116
177116
176116
175116
175116
173114
172113
172112
172111
172111
172109
172108
172107
172106
172104
172103
172103
172102
172101
172099
172098
172097
172096
172095
171094
170093
169092
168092
166092
165092
164092
163092
161092
160092
159092
158092
156092
155092
154092
153092
151092
150092
149092
148092
146092
145092
144092
143092
141092
140092
139092
138092
136092
135092
134092
133092
131092
130092
129092
128092
126092
125092
124092
123092
121092
120092
119092
118092
116092
115092
114092
113092
111092
110092
109092
108092
106092
105092
104092
103092
101094
100095
100096
100097
100099
100100
100101
100102
100104
100105
100106
100107
100109
100110
100111
100112
098114
097115
096116
095116
093116
092116
091116
090116
088116
087116
086116
085116
083116
082116
081116
080116
079116
078115
077114
076113
076112
076111
076110
076109
076108
076107
076105
076104
076103
076103
076102
076100
076099
076098
076097
076095
076095
075094
074093
073092
071092
071092
070092
069092
068092
066092
065092
064092
063092
063092
061092
060092
059092
058092
056092
055092
055092
054091
053090
052088
052087
052087
052086
052085
052083
052082
052081
052080
052079
052078
052077
052076
052075
052073
052072
052071
052071
051070
049068
048068
047068
047068
046068
044068
043068
042068
041068
039068
039068
038068
037068
036068
034068
033068
032068
031068
031068
029068
028068
027068
026068
024068
023068
023068
022069
021070
020072
020072
020073
020074
020075
020077
020078
020079
020080
020080
020082
020083
020084
020085
020087
020088
020088
020089
020090
020092
020093
020094
020095
020096
020097
020098
020099
020100
020102
020103
020104
020104
020105
020107
020108
020109
020110
020112
020112
021113
022114
023115
024116
025116
026116
027116
028116
030116
031116
032116
032116
033116
035116
036116
037116
038116
040116
040116
041116
042116
043116
045116
046116
047116
048116
048116
050114
051113
052112
052111
052111
052109
052108
052107
052106
052104
052103
052103
052102
052101
052099
052098
052097
052096
053094
054093
055092
056092
058092
059092
060092
061092
063092
064092
065092
066092
068092
069092
070092
071092
073093
074094
075095
076096
076098
076099
076100
076101
076103
076104
076105
076106
076108
076109
076110
076111
077113
078114
079115
080116
082116
083116
084116
085116
087116
088116
089116
090116
092116
093116
094116
095116
097115
098114
099113
100112
100110
100109
100108
100107
100105
100104
100103
100102
100100
100099
100098
100097
100095
101094
102093
103092
105092
106092
107092
108092
110092
111092
112092
113092
115092
116092
117092
118092
120092
121092
122092
123092
125092
126092
127092
128092
130092
131092
132092
133092
135092
136092
137092
138092
140092
141092
142092
143092
145093
146094
147095
148096
148098
148099
148100
148101
148103
148104
148105
148106
148108
148109
148110
148111
148113
148114
148115
148116
148118
148119
148120
148121
148123
148124
148125
148126
148128
148129
148130
148131
148133
148134
148135
148136
148138
148139
148140
148141
148143
148144
148145
148146
148148
148149
148150
148151
148153
148154
148155
148156
148158
148159
148160
149161
151163
152164
153164
154164
156164
157164
158164
159164
161164
162164
163164
164164
166164
167164
168164
168164
169163
171161
172160
172159
172159
172158
172156
172155
172154
172153
172151
172151
172150
172149
172148
172146
172145
172144
172143
172143
174141
175140
176140
176140
177140
179140
180140
181140
182140
184140
184140
185140
186140
187140
189140
190140
191140
192140
194138
195137
196136
196135
196133
196132
196131
196130
196128
196127
196126
196125
196123
196122
196121
196120
196118
196117
196116
196115
196113
196112
196111
196110
196108
196107
196106
196105
196103
196102
196101
196100
196098
196097
196096
196095
198093
199092
200092
200092
201092
203092
204092
205092
206092
208092
208092
209092
210092
211092
213092
214092
215092
216092
216092
218094
219095
220096
220096
220097
220099
220100
220101
220102
220104
220104
220105
220106
220107
220109
220110
220111
220112
220112
222114
223115
224116
224116
225116
227116
228116
229116
230116
232116
232116
233116
234116
235116
237116
238116
239116
240116
242118
243119
244120
244121
244123
244124
244125
244126
244128
244129
244130
244131
244133
244134
244135
244136
244138
244139
244140
244141
244143
244144
244144
244145
244146
244148
244149
244150
244151
244152
244153
244154
244155
244156
244158
244159
244160
244160
244161
244163
244164
244165
244166
244168
244168
244169
244170
244171
244173
244174
244175
244176
244176
244178
244179
244180
244181
244183
244184
244184
244185
244186
244188
244189
244190
244191
244192
244193
244194
244195
244196
244198
244199
244200
244200
244201
244203
244204
244205
244206
244208
244208
244209
244210
244211
244213
244214
244215
244216
244216
244218
244219
244220
244221
244223
244224
244224
243225
242226
240228
239228
239228
238228
237228
235228
234228
233228
232228
231228
230228
229228
228228
227228
225228
224228
223228
223228
222227
220225
220224
220223
220223
220222
220220
220219
220218
220217
220215
220215
220214
220213
220212
220210
220209
220208
220207
220207
220205
220204
220203
220202
220200
220199
220199
220198
220197
220195
220194
220193
220192
220191
219190
218189
217188
216188
215188
214188
213188
212188
211188
209188
208188
207188
207188
206188
204188
203188
202188
201188
199188
199188
198188
197188
196188
194188
193188
192188
191188
191188
189188
188188
187188
186188
184188
183188
183188
182188
181188
179188
178188
177188
176188
175188
174189
173190
172191
172192
172192
172194
172195
172196
172197
172199
172200
172200
172201
172202
172204
172205
172206
172207
172208
172209
172210
172211
172212
172214
172215
172216
172216
172217
172219
172220
172221
172222
172224
172224
173225
174226
175227
176228
177228
178228
179228
180228
182228
183228
184228
184228
185228
187228
188228
189228
190228
192228
192228
192228
192228
192228
192228
192228
192228
192228
192228
192228
192228
192228
192228
192228
192228
192228
192228
192228
192228
192228
192228
192228
192228
192228
192228
192228
192228
192228
192228
192228
192228
192228
192228
192228
192228
192228
192228
192228
192228
192228
192228
192228
192228
192228
192228
192228
192228
192228
192228
192228
192228
192228
192228
192228
192228
192228
192228
192228
192228
192228
192228
192228
192228
192228
192228
192228
192228
192228
192228
192228
192228
192228
192228
192228
192228
192228
192228
192228
192228
192228
192228
192228
192228
192228
192228
192228
192228
192228
192228
192228
192228
192228
192228
192228
192228
192228
192228
192228
192228
192228
192228
192228
192228
192228
192228
192228
192228
192228
192228
192228
192228
192228
192228
192228
192228
192228
192228
192228
192228
192228
193227
194226
196224
196223
196223
196223
196223
196223
196223
196223
196223
196223
196223
196223
196223
196223
196223
196223
196223
196223
196223
196223
196223
196223
196223
196223
196223
196223
196223
196223
196223
196223
196223
196223
196223
196223
196223
196223
196223
196223
196223
196223
196223
196223
196223
196223
196223
196223
196223
196223
196223
196223
196223
196223
196223
196223
196223
196223
196223
196223
196223
196223
196223
196223
196223
196221
196220
196219
196218
196216
196215
196215
197214
198213
200212
200212
201212
202212
203212
205212
206212
207212
208212
208212
210212
211212
212212
213212
215212
216212
217211
218210
220208
220207
220206
220205
220203
220202
220201
220200
220198
220197
220196
220195
220193
220192
220191
219190
217188
216188
215188
214188
212188
211188
210188
209188
207188
206188
205188
204188
204188
204188
204188
204188
204188
204188
204188
204188
204188
204188
204188
204188
204188
204188
204188
204188
204188
204188
204188
204188
204188
204188
204188
204188
204188
204188
204188
204188
204188
204188
204188
204188
204188
204188
204188
204188
204188
204188
204188
204188
204188
204188
204188
204188
204188
204188
204188
204188
204188
204188
204188
204188
204188
204188
204188
204188
204188
204188
202188
201188
200188
199188
197186
196185
196184
196183
196183
196181
196180
196179
196178
196176
196175
196175
196174
196173
196171
196170
196169
196168
196166
196165
196164
196163
196161
196160
196159
196158
196156
196155
196154
196153
196151
196150
196149
196148
196146
196145
196144
196143
194141
193140
192140
191140
189140
188140
187140
186140
184140
183140
182140
181140
179140
178140
177140
176140
174141
173142
172143
172144
172146
172147
172148
172149
172151
172152
172153
172154
172156
172157
172158
172159
172161
172162
172163
172164
172166
172167
172168
172168
172169
172171
172172
172173
172174
172176
172176
172177
172178
172179
172181
172182
172183
172184
170186
169187
168188
167188
167188
165188
164188
163188
162188
160188
159188
159188
158188
157188
155188
154188
153188
152188
151188
150188
149188
148188
147188
145188
144188
143188
143188
142188
140188
139188
138188
137188
135188
135188
134188
133188
132188
130188
129188
128188
127188
127188
125188
124188
123188
122188
120188
119188
119188
118188
117188
115188
114188
113188
112188
111188
110188
109188
108188
107188
105188
104188
103188
103188
102188
101188
099188
098188
097188
096188
095188
094188
093188
092188
091188
089188
088188
087188
087188
086188
084188
083188
082188
081188
079188
079188
078188
077188
076188
074188
073188
072188
071188
071188
069188
068188
067188
066188
064188
063188
063188
062188
061188
059188
058188
057188
056188
055188
054187
053186
052185
052184
052183
052182
052181
052180
052179
052177
052176
052175
052175
052174
052172
052171
052170
052169
052167
052167
052166
052165
052164
052162
052161
052160
052159
052159
052157
052156
052155
052154
052152
052151
052151
052150
052149
052147
052146
052145
052144
052143
051142
050141
049140
048140
047140
046140
045140
044140
043140
041140
040140
039140
039140
038140
036140
035140
034140
033140
031140
031140
030140
029140
028140
026140
025140
024140
023140
023140
021142
020143
020144
020144
020145
020147
020148
020149
020150
020152
020152
020153
020154
020155
020157
020158
020159
020160
020160
020162
020163
020164
020165
020167
020168
020168
020169
020170
020172
020173
020174
020175
020176
020177
020178
020179
020180
020182
020183
020184
020184
021185
023187
024188
024188
025188
026188
028188
029188
030188
031188
032188
033188
034188
035188
036188
038188
039188
040188
040188
041188
043188
044188
045188
046188
048188
049189
050190
051191
052192
052193
052194
052195
052196
052198
052199
052200
052200
052201
052203
052204
052205
052206
052208
052208
052209
052210
052211
052213
052214
052215
052216
052216
052218
052219
052220
052221
052223
052224
052224
051225
050226
048228
047228
047228
046228
045228
043228
042228
041228
040228
039228
039228
039228
039228
038228
036228
035228
034228
033228
031228
031228
031228
031228
031228
031228
031228
031228
031228
031228
031228
031228
031228
031228
031228
031228
031228
031228
031228
031228
031228
031228
031228
031228
031228
031228
031228
031228
031228
031228
031228
031228
031228
031228
031228
031228
031228
031228
031228
031228
031228
031228
031228
031228
031228
031228
031228
031228
031228
031228
031228
031228
031228
031228
031228
031228
031228
031228
031228
031228
031228
031228
031228
030228
028228
027228
026228
025228
023228
023228
022227
021226
020225
020223
020223
020222
020221
020220
020218
020217
020216
020215
020215
020213
020212
020211
020210
020208
020207
020207
020206
020205
020203
020202
020201
020200
020199
020198
020197
020196
020195
020193
020192
020191
021190
023188
024188
025188
026188
028188
029188
030188
031188
033188
034188
035188
036188
038188
039188
040188
041188
043188
044188
045188
046188
048188
048188
048188
048188
048188
048188
048188
048188
048188
048188
048188
048188
048188
048188
048188
048188
048188
048188
048188
048188
048188
048188
048188
048188
048188
048188
048188
048188
048188
048188
048188
048188
048188
048188
048188
048188
048188
048188
048188
048188
048188
048188
048188
048188
048188
048188
048188
048188
048188
048188
048188
048188
048188
048188
048188
048188
048188
048188
048188
048188
048188
048188
049188
050188
051188
053188
054188
055188
056188
056188
056188
056188
056188
056188
056188
056188
056188
056188
056188
056188
056188
056188
056188
056188
056188
056188
056188
056188
056188
056188
056188
056188
056188
056188
056188
056188
056188
056188
056188
056188
056188
056188
056188
056188
056188
056188
056188
056188
056188
056188
056188
056188
056188
056188
056188
056188
056188
056188
056188
056188
056188
056188
056188
056188
056188
056188
056188
056188
056188
058188
059188
060188
061188
063188
064188
065188
066188
068188
069188
070188
071188
073188
074188
075188
076188
078188
079188
080188
081188
083188
084188
085188
086188
088188
088188
088188
088188
088188
088188
088188
088188
088188
088188
088188
088188
088188
088188
088188
088188
088188
088188
088188
088188
088188
088188
088188
088188
088188
088188
088188
088188
088188
088188
088188
088188
088188
088188
088188
088188
088188
088188
088188
088188
088188
088188
088188
088188
088188
088188
088188
088188
088188
088188
088188
088188
088188
088188
088188
088188
088188
088188
088188
088188
090188
091188
092188
093188
095188
096188
097188
098188
100188
101188
102188
103188
105188
106188
107188
108188
110188
111188
112188
113188
115188
116188
117188
118188
120188
121187
122186
123185
124183
124182
124181
124180
124178
124177
124176
124175
124173
124172
124171
124170
124168
124167
125166
126165
128164
129164
130164
131164
133164
134164
135164
136164
138164
139164
140164
141164
143164
144164
145163
146162
148160
148159
148158
148157
148155
148154
148153
148152
148150
148149
148148
148147
148145
148144
148143
148142
148140
148139
148138
148137
148135
148134
148133
148132
148130
148129
148128
148127
148125
148124
148123
148122
148120
148119
148118
148117
148115
148114
148113
148112
148110
148109
148108
148107
148105
148104
148103
148102
148100
148099
148098
148097
148095
147094
146093
145092
143092
142092
141092
140092
138092
137092
136092
135092
133092
132092
131092
130092
128092
127092
126092
125092
123092
122092
121092
120092
118092
117092
116092
115092
113092
112092
111092
110092
108092
107092
106092
105092
103092
102093
101094
100095
100097
100098
100099
100100
100102
100103
100104
100105
100107
100108
100109
100110
100112
099113
098114
097115
095116
094116
093116
092116
090116
089116
088116
087116
085116
084116
083116
082116
080116
079116
078115
077114
076112
076111
076110
076109
076107
076106
076105
076104
076102
076101
076100
076099
076097
076096
076095
075094
073092
072092
071092
070092
068092
067092
066092
065092
063092
062092
061092
060092
058092
057092
056092
055092
053094
052095
052096
052097
052099
052100
052101
052102
052104
052105
052106
052107
052109
052110
052111
052112
052114
052115
052116
052117
052119
052120
052120
052121
052122
052124
052125
052126
052127
052128
052129
052130
052131
052132
052134
052135
052136
052137
052139
052140
052141
052142
052144
052145
052146
052147
052149
052150
052151
052152
052154
052155
052156
052157
052159
052160
052161
052162
052164
052165
052166
052167
052169
052170
052171
052172
052174
052175
052176
052177
052179
052180
052181
052182
052184
052185
052186
052187
052189
052190
052191
052192
052194
052195
052196
052197
052199
052200
052201
052202
052204
052205
052206
052207
052209
052210
052211
052212
052214
052215
052216
052217
052219
052220
052221
052222
052224
053225
054226
055227
056228
057228
058228
059228
060228
062228
063228
064228
064228
065228
067228
068228
069228
070228
072228
072228
073227
074226
075225
076223
076223
076222
076221
076220
076218
076217
076216
076215
076215
076213
076212
076211
076210
076208
076207
076207
076206
076205
076203
076202
076201
076200
076199
076198
076197
076196
076195
076193
076192
076191
075190
073188
072188
071188
070188
068188
067188
066188
065188
063188
062188
061188
060188
058188
057188
056188
055188
053186
052185
052184
052183
052181
052180
052179
052178
052176
052175
052174
052173
052171
052170
052169
052168
053166
054165
055164
056164
056164
058164
059164
060164
061164
063164
064164
064164
065164
066164
068164
069164
070164
071164
072164
073163
074162
075161
076160
076159
076158
076157
076156
076155
076153
076152
076151
076151
076150
076148
076147
076146
076145
076143
076143
077142
078141
079140
081140
082140
083140
084140
086140
087140
088140
089140
091140
092140
093140
094140
096140
097139
098138
099137
100135
100134
100133
100132
100130
100129
100128
100127
100125
100124
100123
100122
100120
100119
100118
100117
100115
100114
100113
100112
100110
100109
100108
100107
100105
100104
100103
100102
100100
100099
100098
100097
100095
101094
102093
103092
105092
106092
107092
108092
110092
111092
112092
113092
115092
116092
117092
118092
120092
121091
122090
123089
124087
124086
124085
124084
124082
124081
124080
124079
124077
124076
124075
124074
124072
124071
124071
123070
122069
120068
119068
119068
118068
117068
115068
114068
113068
112068
111068
110068
109068
108068
107068
105068
104068
103068
103068
102068
100068
099068
098068
097068
095068
095068
094068
093068
092068
090068
089068
088068
087068
087068
085068
084068
083068
082068
080068
079068
079068
078067
077066
076064
076063
076063
076062
076061
076059
076058
076057
076056
076055
076054
076053
076052
076051
076049
076048
076047
076047
076046
076044
076043
076042
076041
076039
076039
076038
076037
076036
076034
076033
076032
076031
076031
074029
073028
072028
071028
071028
069028
068028
067028
066028
064028
063028
063028
062028
061028
059028
058028
057028
056028
055028
054029
053030
052031
052032
052032
052034
052035
052036
052037
052039
052040
052040
052041
052042
052044
052045
052046
052047
052048
052049
052050
052051
052052
052054
052055
052056
052056
052057
052059
052060
052061
052062
052064
051065
050066
049067
047068
046068
045068
044068
042068
041068
040068
039068
037068
036068
035068
034068
032068
031068
030068
029068
027068
026068
025068
024068
022067
021066
020065
020064
020063
020062
020061
020060
020059
020057
020056
020055
020055
020054
020052
020051
020050
020049
020047
020047
020046
020045
020044
020042
020041
020040
020039
020039
020037
020036
020035
020034
020032
020031
020031
021030
022029
024028
024028
025028
026028
027028
029028
030028
031028
032028
032028
032028
032028
033028
034028
036028
037028
038028
039028
040028
041028
042028
043028
044028
046028
047028
048028
048028
048028
048028
048028
048028
048028
048028
048028
048028
048028
048028
048028
048028
048028
048028
048028
048028
048028
048028
048028
048028
048028
048028
048028
048028
048028
048028
048028
048028
048028
048028
048028
048028
048028
048028
048028
048028
048028
048028
048028
048028
048028
048028
048028
048028
048028
048028
048028
048028
048028
048028
048028
048028
048028
048028
048028
048028
048028
048028
048028
049028
050028
051028
052028
054028
055028
056028
057028
059028
060028
061028
062028
064028
065028
066028
067028
069028
070028
071028
072028
074030
075031
076032
076033
076035
076036
076037
076038
076040
076041
076042
076043
076045
076046
076047
076048
076050
076051
076052
076053
076055
076056
076057
076058
076060
076061
076062
076063
075065
074066
073067
072068
071068
070068
069068
068068
067068
065068
064068
063068
063068
062068
060068
059068
058068
057068
055068
054069
053070
052071
052073
052074
052075
052076
052078
052079
052080
052081
052083
052084
052085
052086
052088
052089
052090
052091
052093
052094
052095
052096
052098
052099
REMARK:Push up until you see 800, then push down
052100
052101
052103
052104
052105
052106
052108
052109
052110
052111
051113
050114
049115
048116
046116
045116
044116
043116
043116
043116
043116
043116
043116
043116
043116
043116
043116
043116
043116
043116
043116
043116
043116
043116
043116
043116
043116
043116
043116
043116
043116
043116
043116
043116
043116
043116
043116
043116
043116
043116
043116
043116
043116
043116
043116
043116
043116
043116
043116
043116
043116
043116
043116
043116
043116
043116
043116
043116
043116
043116
043116
043116
043116
043116
043116
043116
043116
041116
040116
039116
038116
036116
035116
034116
033116
031116
031116
031116
031116
031116
031116
031116
031116
031116
031116
031116
031116
031116
031116
031116
031116
031116
031116
031116
031116
031116
031116
031116
031116
031116
031116
031116
031116
031116
031116
031116
031116
031116
031116
031116
031116
031116
031116
031116
031116
031116
031116
031116
031116
031116
031116
031116
031116
031116
031116
031116
031116
031116
031116
031116
031116
031116
032116
033116
034116
036116
037116
038116
039116
041116
042116
043116
044116
046116
047116
048116
049115
051113
052112
052111
052110
052108
052107
052106
052105
052103
052102
052101
052100
052098
052097
052096
052095
054093
055092
056092
057092
059092
060092
061092
062092
064092
065092
066092
067092
069092
070092
071092
072092
074094
075095
076096
076097
076099
076100
076101
076102
076104
076105
076106
076107
076109
076110
076111
076112
078114
079115
080116
081116
083116
084116
085116
086116
088116
089116
090116
091116
093116
094116
095116
096116
098114
099113
100112
100111
100109
100108
100107
100106
100104
100103
100102
100101
100099
100098
100097
100096
101094
REMARK:Push down until you see 1600, then push up
102093
103092
104092
106092
107092
108092
109092
111092
112092
113092
114092
116092
117092
118092
119092
121092
122092
123092
124092
126092
127092
128092
129092
131092
132092
133092
134092
136092
136092
136092
136092
136092
136092
136092
136092
136092
136092
136092
136092
136092
136092
136092
136092
136092
136092
136092
136092
136092
136092
136092
136092
136092
136092
136092
136092
136092
136092
136092
136092
136092
136092
136092
136092
136092
136092
136092
136092
136092
136092
136092
136092
136092
136092
136092
136092
136092
136092
136092
136092
136092
136092
136092
136092
136092
136092
134092
133092
132092
131092
129092
128092
127092
126092
124092
123092
122092
121092
119092
118092
117092
116092
114092
113092
112092
111092
109092
108092
107092
106092
104092
103092
102093
101094
100096
100097
100098
100099
100101
100102
100103
100104
100106
100107
100108
100109
100110
100112
099113
098114
097115
095116
094116
093116
092116
090116
089116
088116
087116
085116
084116
083116
082116
080116
079116
078115
077114
076112
076111
076110
076109
076107
076106
076105
076104
076102
076101
076100
076099
076097
076096
076095
075094
073092
072092
071092
070092
068092
067092
066092
065092
063092
062092
061092
060092
058092
057092
056092
055092
053090
052089
052088
052087
052085
052084
052083
052082
052080
052079
052078
052077
052075
052074
052073
052072
053070
054069
055068
056068
058068
059068
060068
061068
063068
064068
065068
066068
068068
069068
070068
071068
073068
074068
075068
076068
078068
079068
080068
081068
083068
084068
085068
086068
088068
089068
090068
091068
093068
094068
095068
096068
098068
099068
100068
101068
103068
104068
105068
106068
108068
109068
110068
111068
113068
114068
115068
116068
118068
119068
120068
121068
123068
124068
125068
126068
128068
128068
129068
130068
131068
133068
134068
135068
136068
136068
138068
139068
140068
141068
143068
144068
144068
145068
146068
148068
149068
150068
151068
152068
153068
154068
155068
156068
158068
159068
160068
160068
161068
163068
164068
165068
166068
168068
168068
169068
170068
171068
173068
174068
175068
176068
176068
178068
179068
180068
181068
183068
184068
184068
185068
186068
188068
189068
190068
191068
193068
194068
195068
196068
198068
199068
200068
201068
203068
204068
205068
206068
208068
209068
210068
211068
213068
214068
215068
216068
218066
219065
220064
220063
220061
220060
220059
220058
220056
220055
220054
220053
220051
220050
220049
220048
219046
218045
217044
216044
215044
214044
213044
212044
211044
209044
208044
207044
207044
206044
204044
203044
202044
201044
199044
199044
198043
197042
196041
196039
196039
196038
196037
196036
196034
196033
196032
196031
196031
196031
196031
195030
193028
192028
191028
191028
190028
188028
187028
186028
185028
183028
183028
182028
181028
180028
178028
177028
176028
175028
175028
173030
172031
172032
172032
172033
172035
172036
172037
172038
172040
172040
172041
172042
172043
172045
172046
172047
172048
172048
172050
172051
172052
172053
172053
172053
172053
172053
172053
172053
172053
172053
172053
172053
172053
172053
172053
172053
172053
172053
172053
172053
172053
172053
172053
172053
172053
172053
172053
172053
172053
172053
172053
172053
172053
172053
172053
172053
172053
172053
172053
172053
172053
172053
172053
172053
172053
172053
172053
172053
172053
172053
172053
172053
172053
172053
172053
172053
172053
172053
172053
172053
172053
172055
172056
172056
172057
172058
172060
172061
172062
172063
173065
174066
175067
176068
178068
179068
180068
181068
183068
184068
185068
186068
188068
189068
190068
191068
193069
193069
193069
193069
193069
193069
193069
193069
193069
193069
193069
193069
193069
193069
193069
193069
193069
193069
193069
193069
193069
193069
193069
193069
193069
193069
193069
193069
193069
193069
193069
193069
193069
193069
193069
193069
193069
193069
193069
193069
193069
193069
193069
193069
193069
193069
193069
193069
193069
193069
193069
193069
193069
193069
193069
193069
193069
193069
193069
194070
196072
196073
196074
196075
196077
196078
196079
196080
196082
196083
196084
196085
196087
196088
196089
196090
196092
196093
196094
196095
196097
196098
196099
196100
196102
196103
196104
196105
196107
196108
196109
196110
196112
196113
196114
196115
196117
196118
196119
196120
196122
196123
196124
196125
196127
196128
196129
196130
196132
196133
196134
196135
196137
196138
196139
196140
196142
196143
196144
196145
196147
196148
196149
196150
196152
196153
196154
196155
196157
196158
196159
196160
196162
196163
196164
196165
196167
196168
196169
196170
196172
196173
196174
196175
196177
196178
196179
196180
196182
196183
196184
195185
193187
192188
191188
190188
188188
187188
186188
185188
183188
182188
181188
180188
178188
177188
176188
175188
173188
172188
171188
170188
168188
167188
167188
167188
167188
167188
167188
167188
167188
167188
167188
167188
167188
167188
167188
167188
167188
167188
167188
167188
167188
167188
167188
167188
167188
167188
167188
167188
167188
167188
167188
167188
167188
167188
167188
167188
167188
167188
167188
167188
167188
167188
167188
167188
167188
167188
167188
167188
167188
167188
167188
167188
167188
167188
167188
167188
167188
167188
167188
167188
166188
165188
164188
163188
161188
160188
159188
158188
156188
155188
154188
153188
151188
150188
149188
148188
146188
145188
144188
143188
143188
143188
143188
143188
143188
143188
143188
143188
143188
143188
143188
143188
143188
143188
143188
143188
143188
143188
143188
143188
143188
143188
143188
143188
143188
143188
143188
143188
143188
143188
143188
143188
143188
143188
143188
143188
143188
143188
143188
143188
143188
143188
143188
143188
143188
143188
143188
143188
143188
143188
143188
143188
143188
143188
143188
143188
143188
143188
143188
141188
140188
139188
138188
136188
135188
134188
133188
131188
130188
129188
128188
126187
125186
124185
124184
124182
124181
124180
124179
124177
124176
124175
124174
124172
124171
124170
124169
124167
125166
126165
127164
129164
130164
131164
132164
134164
135164
136164
137164
139164
140164
141164
142164
144164
145163
146162
147161
148159
148158
148157
148156
148154
148153
148152
148151
148149
148148
148147
148146
148144
148143
148142
148141
148139
148138
148137
148136
148134
148133
148132
148131
148129
148128
148127
148126
148124
148123
148122
148121
148119
148118
148117
148116
148114
148113
148112
148111
148109
148108
148107
148106
148105
148104
148103
148101
148100
148099
148098
148096
148095
149094
150093
152092
153092
154092
155092
157092
158092
159092
160092
162092
163092
164092
165092
167092
168092
169092
170092
172090
172089
172088
172087
172087
172085
172084
172083
172082
172080
172079
172079
172079
172079
172079
172079
172079
172079
172079
172079
172079
172079
172079
172079
172079
172079
172079
172079
172079
172079
172079
172079
172079
172079
172079
172079
172079
172079
172079
172079
172079
172079
172079
172079
172079
172079
172079
172079
172079
172079
172079
172079
172079
172079
172079
172079
172079
172079
172079
172079
172079
172079
172079
172079
172079
172079
172079
172079
172079
172079
172079
172079
172079
172079
172079
172079
172079
172079
172079
172079
172079
172079
172079
172079
172079
172079
172079
172079
172079
172079
172079
172079
172079
172079
172079
172079
172079
172079
172079
172079
172079
172079
172079
172079
172079
172079
172079
172079
172079
172079
172079
172079
172079
172079
172079
172079
172079
172079
172079
172079
172079
172079
172079
172079
172079
172079
172079
172079
172079
172079
172079
172079
172079
172079
172079
172079
172079
172079
172079
172079
172079
172079
172079
172079
172079
172079
172079
172079
172079
172079
172079
172079
172079
172079
172079
172079
172079
172079
172079
172079
172079
172079
172079
172079
172079
172079
172079
172079
172079
172079
172079
172079
172079
172079
172079
172079
172079
172079
172079
172079
172079
172079
172079
172079
172079
172079
172079
172079
172079
172079
172079
172079
172079
172079
172079
172079
172079
172079
172079
172079
172079
172079
172079
172079
172079
172079
172079
172079
172079
172079
172079
172079
172079
172079
172079
172079
172079
172079
172079
172079
172079
172079
172079
172079
172079
172079
172079
172079
172079
