196128
196128
196128
196128
196128
196128
196128
196128
196128
196128
196128
196128
196128
196128
196128
196128
196128
196128
196128
196128
196128
196128
196128
196128
196128
196128
196128
196128
196128
196128
196128
196128
196128
196128
196128
196128
196128
196128
196128
196128
196128
196128
196128
196128
196128
196128
196128
196128
196128
196128
196128
196128
196128
196128
196128
196128
196128
196128
196128
196128
196128
196128
196128
196128
196128
196128
196128
196126
196125
196124
196123
196121
196120
196119
196119
196118
196116
196115
196114
196113
196111
196111
196110
196109
196108
196106
196105
196104
196103
196103
196101
196100
196099
196098
196096
196095
196095
196094
196093
196091
196090
196089
196088
196087
196086
196085
196084
196083
196081
196080
196079
196079
196078
196076
196075
196074
196073
196071
196071
197070
198069
199068
200068
201068
202068
203068
204068
206068
207068
208068
208068
209068
211068
212068
213068
214068
216068
216068
217067
218066
219065
220063
220063
220062
220061
220060
220058
220057
220056
220055
220055
220053
220052
220051
220050
220048
220047
220047
220046
220045
220043
220042
220041
220040
220039
220038
220037
220036
220035
220033
220032
220031
220031
221030
223028
224028
224028
225028
226028
228028
229028
230028
231028
232028
233028
234028
235028
236028
238028
239028
240028
240028
241029
243031
244032
244032
244033
244034
244036
244037
244038
244039
244040
244041
244042
244043
244044
244046
244047
244048
244048
244049
244051
244052
244053
244054
244056
244056
244057
244058
244059
244061
244062
244063
244064
244064
244066
244067
244068
244069
244071
244072
244072
244073
244074
244076
244077
244078
244079
244080
244081
244082
244083
244084
244086
244087
244088
244088
244089
244091
244092
244093
244094
244096
244096
244097
244098
244099
244101
244102
244103
244104
244104
244106
244107
244108
244109
244111
244112
244112
244113
244114
244116
244117
244118
244119
244120
244121
244122
244123
244124
244126
244127
244128
244128
244129
244131
244132
244133
244134
244136
244136
243137
242138
241139
239140
239140
238140
237140
236140
234140
233140
232140
231140
231140
229140
228140
227140
226140
224140
223140
223140
222141
221142
220144
220144
220145
220146
220147
220149
220150
220151
220152
220152
220154
220155
220156
220157
220159
220160
220160
219161
218162
216164
215164
215164
214164
213164
211164
210164
209164
208164
207164
206164
205164
204164
203164
201164
200164
199164
199164
198163
196161
196160
196159
196159
196158
196156
196155
196154
196153
196151
196151
196150
196149
196148
196146
196145
196144
196143
196143
196141
196140
196139
196138
196136
196135
196134
196133
196131
196130
196129
196128
196126
196125
196124
196123
196121
196120
196119
195118
193116
192116
191116
191116
190116
188116
187116
186116
185116
183116
183116
182116
181116
180116
178116
177116
176116
175116
175116
173114
172113
172112
172111
172111
172109
172108
172107
172106
172104
172103
172103
172102
172101
172099
172098
172097
172096
172095
171094
170093
169092
168092
166092
165092
164092
163092
161092
160092
159092
158092
156092
155092
154092
153092
151092
150092
149092
148092
146092
145092
144092
143092
141092
140092
139092
138092
136092
135092
134092
133092
131092
130092
129092
128092
126092
125092
124092
123092
121092
120092
119092
118092
116092
115092
114092
113092
111092
110092
109092
108092
106092
105092
104092
103092
101094
100095
100096
100097
100099
100100
100101
100102
100104
100105
100106
100107
100109
100110
100111
100112
098114
097115
096116
095116
093116
092116
091116
090116
088116
087116
086116
085116
083116
082116
081116
080116
079116
078115
077114
076113
076112
076111
076110
076109
076108
076107
076105
076104
076103
076103
076102
076100
076099
076098
076097
076095
076095
075094
074093
073092
071092
071092
070092
069092
068092
066092
065092
064092
063092
063092
061092
060092
059092
058092
056092
055092
055092
054091
053090
052088
052087
052087
052086
052085
052083
052082
052081
052080
052079
052078
052077
052076
052075
052073
052072
052071
052071
051070
049068
048068
047068
047068
046068
044068
043068
042068
041068
039068
039068
038068
037068
036068
034068
033068
032068
031068
031068
029068
028068
027068
026068
024068
023068
023068
022069
021070
020072
020072
020073
020074
020075
020077
020078
020079
020080
020080
020082
020083
020084
020085
020087
020088
020088
020089
020090
020092
020093
020094
020095
020096
020097
020098
020099
020100
020102
020103
020104
020104
020105
020107
020108
020109
020110
020112
020112
021113
022114
023115
024116
025116
026116
027116
028116
030116
031116
032116
032116
033116
035116
036116
037116
038116
040116
040116
041116
042116
043116
045116
046116
047116
048116
048116
050114
051113
052112
052111
052111
052109
052108
052107
052106
052104
052103
052103
052102
052101
052099
052098
052097
052096
053094
054093
055092
056092
058092
059092
060092
061092
063092
064092
065092
066092
068092
069092
070092
071092
073093
074094
075095
076096
076098
076099
076100
076101
076103
076104
076105
076106
076108
076109
076110
076111
077113
078114
079115
080116
082116
083116
084116
085116
087116
088116
089116
090116
092116
093116
094116
095116
097115
098114
099113
100112
100110
100109
100108
100107
100105
100104
100103
100102
100100
100099
100098
100097
100095
101094
102093
103092
105092
106092
107092
108092
110092
111092
112092
113092
115092
116092
117092
118092
120092
121092
122092
123092
125092
126092
127092
128092
130092
131092
132092
133092
135092
136092
137092
138092
140092
141092
142092
143092
145093
146094
147095
148096
148098
148099
148100
148101
148103
148104
148105
148106
148108
148109
148110
148111
148113
148114
148115
148116
148118
148119
148120
148121
148123
148124
148125
148126
148128
148129
148130
148131
148133
148134
148135
148136
148138
148139
148140
148141
148143
148144
148145
148146
148148
148149
148150
148151
148153
148154
148155
148156
148158
148159
148160
149161
151163
152164
153164
154164
156164
157164
158164
159164
161164
162164
163164
164164
166164
167164
168164
168164
169163
171161
172160
172159
172159
172158
172156
172155
172154
172153
172151
172151
172150
172149
172148
172146
172145
172144
172143
172143
174141
175140
176140
176140
177140
179140
180140
181140
182140
184140
184140
185140
186140
187140
189140
190140
191140
192140
194138
195137
196136
196135
196133
196132
196131
196130
196128
196127
196126
196125
196123
196122
196121
196120
196118
196117
196116
196115
196113
196112
196111
196110
196108
196107
196106
196105
196103
196102
196101
196100
196098
196097
196096
196095
198093
199092
200092
200092
201092
203092
204092
205092
206092
208092
208092
209092
210092
211092
213092
214092
215092
216092
216092
218094
219095
220096
220096
220097
220099
220100
220101
220102
220104
220104
220105
220106
220107
220109
220110
220111
220112
220112
222114
223115
224116
224116
225116
227116
228116
229116
230116
232116
232116
233116
234116
235116
237116
238116
239116
240116
242118
243119
244120
244121
244123
244124
244125
244126
244128
244129
244130
244131
244133
244134
244135
244136
244138
244139
244140
244141
244143
244144
244144
244145
244146
244148
244149
244150
244151
244152
244153
244154
244155
244156
244158
244159
244160
244160
244161
244163
244164
244165
244166
244168
244168
244169
244170
244171
244173
244174
244175
244176
244176
244178
244179
244180
244181
244183
244184
244184
244185
244186
244188
244189
244190
244191
244192
244193
244194
244195
244196
244198
244199
244200
244200
244201
244203
244204
244205
244206
244208
244208
244209
244210
244211
244213
244214
244215
244216
244216
244218
244219
244220
244221
244223
244224
244224
243225
242226
240228
239228
239228
238228
237228
235228
234228
233228
232228
231228
230228
229228
228228
227228
225228
224228
223228
223228
222227
220225
220224
220223
220223
220222
220220
220219
220218
220217
220215
220215
220214
220213
220212
220210
220209
220208
220207
220207
220205
220204
220203
220202
220200
220199
220199
220198
220197
220195
220194
220193
220192
220191
219190
218189
217188
216188
215188
214188
213188
212188
211188
209188
208188
207188
207188
206188
204188
203188
202188
201188
199188
199188
198188
197188
196188
194188
193188
192188
191188
191188
189188
188188
187188
186188
184188
183188
183188
182188
181188
179188
178188
177188
176188
175188
174189
173190
172191
172192
172192
172194
172195
172196
172197
172199
172200
172200
172201
172202
172204
172205
172206
172207
172208
172209
172210
172211
172212
172214
172215
172216
172216
172217
172219
172220
172221
172222
172224
172224
173225
174226
175227
176228
177228
178228
179228
180228
182228
183228
184228
184228
185228
187228
188228
189228
190228
192228
192228
192228
192228
192228
192228
192228
192228
192228
192228
192228
192228
192228
192228
192228
192228
192228
192228
192228
192228
192228
192228
192228
192228
192228
192228
192228
192228
192228
192228
192228
192228
192228
192228
192228
192228
192228
192228
192228
192228
192228
192228
192228
192228
192228
192228
192228
192228
192228
192228
192228
192228
192228
192228
192228
192228
192228
192228
192228
192228
192228
192228
192228
192228
192228
192228
192228
192228
192228
192228
192228
192228
192228
192228
192228
192228
192228
192228
192228
192228
192228
192228
192228
192228
192228
192228
192228
192228
192228
192228
192228
192228
192228
192228
192228
192228
192228
192228
192228
192228
192228
192228
192228
192228
192228
192228
192228
192228
192228
192228
192228
192228
192228
192228
192228
192228
192228
192228
192228
192228
192228
193227
194226
196224
196223
196223
196223
196223
196223
196223
196223
196223
196223
196223
196223
196223
196223
196223
196223
196223
196223
196223
196223
196223
196223
196223
196223
196223
196223
196223
196223
196223
196223
196223
196223
196223
196223
196223
196223
196223
196223
196223
196223
196223
196223
196223
196223
196223
196223
196223
196223
196223
196223
196223
196223
196223
196223
196223
196223
196223
196223
196223
196223
196223
196223
196223
196221
196220
196219
196218
196216
196215
196215
197214
198213
200212
200212
201212
202212
203212
205212
206212
207212
208212
208212
210212
211212
212212
213212
215212
216212
217211
218210
220208
220207
220206
220205
220203
220202
220201
220200
220198
220197
220196
220195
220193
220192
220191
219190
217188
216188
215188
214188
212188
211188
210188
209188
207188
206188
205188
204188
204188
204188
204188
204188
204188
204188
204188
204188
204188
204188
204188
204188
204188
204188
204188
204188
204188
204188
204188
204188
204188
204188
204188
204188
204188
204188
204188
204188
204188
204188
204188
204188
204188
204188
204188
204188
204188
204188
204188
204188
204188
204188
204188
204188
204188
204188
204188
204188
204188
204188
204188
204188
204188
204188
204188
204188
204188
204188
202188
201188
200188
199188
197186
196185
196184
196183
196183
196181
196180
196179
196178
196176
196175
196175
196174
196173
196171
196170
196169
196168
196166
196165
196164
196163
196161
196160
196159
196158
196156
196155
196154
196153
196151
196150
196149
196148
196146
196145
196144
196143
194141
193140
192140
191140
189140
188140
187140
186140
184140
183140
182140
181140
179140
178140
177140
176140
174141
173142
172143
172144
172146
172147
172148
172149
172151
172152
172153
172154
172156
172157
172158
172159
172161
172162
172163
172164
172166
172167
172168
172168
172169
172171
172172
172173
172174
172176
172176
172177
172178
172179
172181
172182
172183
172184
170186
169187
168188
167188
167188
165188
164188
163188
162188
160188
159188
159188
158188
157188
155188
154188
153188
152188
151188
151188
149188
148188
147188
146188
144188
143188
143188
142188
141188
139188
138188
137188
136188
135188
134188
133188
132188
131188
129188
128188
127188
127188
126188
124188
123188
122188
121188
119188
119188
118188
117188
116188
114188
113188
112188
111188
111188
109188
108188
107188
106188
104188
103188
103188
102188
101188
099188
098188
097188
096188
095188
094188
093188
092188
091188
089188
088188
087188
087188
086188
084188
083188
082188
081188
079188
079188
078188
077188
076188
074188
073188
072188
071188
071188
069188
068188
067188
066188
064188
063188
063188
062188
061188
059188
058188
057188
056188
055188
054187
053186
052185
052184
052183
052182
052181
052180
052179
052177
052176
052175
052175
052174
052172
052171
052170
052169
052167
052167
052166
052165
052164
052162
052161
052160
052159
052159
052157
052156
052155
052154
052152
052151
052151
052150
052149
052147
052146
052145
052144
052143
051142
050141
049140
048140
047140
046140
045140
044140
043140
041140
040140
039140
039140
038140
036140
035140
034140
033140
031140
031140
030140
029140
028140
026140
025140
024140
023140
023140
021142
020143
020144
020144
020145
020147
020148
020149
020150
020152
020152
020153
020154
020155
020157
020158
020159
020160
020160
020162
020163
020164
020165
020167
020168
020168
020169
020170
020172
020173
020174
020175
020176
020177
020178
020179
020180
020182
020183
020184
020184
021185
023187
024188
024188
025188
026188
028188
029188
030188
031188
032188
033188
034188
035188
036188
038188
039188
040188
040188
041188
043188
044188
045188
046188
048188
049187
050186
051185
052183
052182
052181
052180
052178
052177
052176
052175
052173
052172
052171
052170
052168
052167
052166
052165
052163
052162
052161
052160
052158
052157
052156
052155
052153
052152
052151
052150
052148
052147
052146
052145
052143
051142
050141
049140
047140
046140
045140
044140
042140
041140
040140
039140
037140
036140
035140
034140
032140
031140
030140
029140
027140
026140
025140
024140
022141
021142
020143
020144
020146
020147
020148
020149
020151
020152
020153
020154
020156
020157
020158
020159
020161
020162
020163
020164
020166
020167
020168
020169
020171
020172
020173
020174
020176
020177
020178
020179
020181
020182
020183
020184
020186
020187
020188
020189
020191
020192
020192
020193
020194
020196
020197
020198
020199
020200
020201
020202
020203
020204
020206
020207
020208
020208
020209
020211
020212
020213
020214
020216
020216
020217
020218
020219
020221
020222
020223
020224
020224
022226
023227
024228
024228
025228
027228
028228
029228
030228
032228
032228
032228
032228
033228
034228
035228
036228
038228
039228
040228
040228
041228
043228
044228
045228
046228
048228
048228
049227
050226
051225
052223
052223
052222
052221
052220
052218
052217
052216
052215
052215
052213
052212
052211
052210
052208
052207
052207
052207
052207
052207
052207
052207
052207
052207
052207
052207
052207
052207
052207
052207
052207
052207
052207
052207
052207
052207
052207
052207
052207
052207
052207
052207
052207
052207
052207
052207
052207
052207
052207
052207
052207
052207
052207
052207
052207
052207
052207
052207
052207
052207
052207
052207
052207
052207
052207
052207
052207
052207
052207
052207
052207
052207
052207
052206
052205
052204
052203
052201
052200
052199
052199
052198
052196
052195
052194
052193
052191
051190
050189
049188
047188
046188
045188
044188
042188
041188
040188
039188
037188
036188
035188
034188
032188
031188
030188
029188
027188
026188
025188
024188
022187
021186
020185
020184
020183
020183
020183
020183
020183
020183
020183
020183
020183
020183
020183
020183
020183
020183
020183
020183
020183
020183
020183
020183
020183
020183
020183
020183
020183
020183
020183
020183
020183
020183
020183
020183
020183
020183
020183
020183
020183
020183
020183
020183
020183
020183
020183
020183
020183
020183
020183
020183
020183
020183
020183
020183
020183
020183
020183
020183
020183
020183
020183
020183
020182
020181
REMARK:Push right until you see 1600, then push left
020180
020179
020177
020176
020175
020174
020172
020171
020170
020169
020167
020166
020165
020164
020162
020162
020162
020162
020162
020162
020162
020162
020162
020162
020162
020162
020162
020162
020162
020162
020162
020162
020162
020162
020162
020162
020162
020162
020162
020162
020162
020162
020162
020162
020162
020162
020162
020162
020162
020162
020162
020162
020162
020162
020162
020162
020162
020162
020162
020162
020162
020162
020162
020162
020162
020162
020162
020162
020162
020162
020162
020161
020159
020159
020159
020159
020159
020159
020159
020159
020159
020159
020159
020159
020159
020159
020159
020159
020159
020159
020159
020159
020159
020159
020159
020159
020159
020159
020159
020159
020159
020159
020159
020159
020159
020159
020159
020159
020159
020159
020159
020159
020159
020159
020159
020159
020159
020159
020159
020159
020159
020159
020159
020159
020159
020159
020159
020159
020159
020159
020159
020161
020162
020163
020164
020166
020167
020168
020169
020171
020172
020173
020174
020176
020177
020178
020179
020181
020182
020183
020184
022186
023187
024188
025188
027188
028188
029188
030188
032188
033188
034188
035188
037188
038188
039188
040188
042188
043188
044188
045188
047188
048188
049187
050186
052184
052183
052182
052181
052179
052178
052177
052176
052174
052173
052172
052171
052169
052168
052167
053166
055164
056164
056164
057164
058164
060164
061164
062164
063164
064164
065164
066164
067164
068164
070164
071164
072164
072164
073163
075161
076160
076159
076159
076158
076157
076155
076154
076153
076152
076151
076150
076149
076148
076147
076145
076144
076143
076143
077142
079140
080140
081140
082140
084140
085140
086140
087140
089140
090140
091140
092140
094140
095140
096140
097141
099143
100144
100145
100146
100148
100149
100150
100151
100153
100154
100155
100156
100158
100159
100160
101161
103163
104164
105164
106164
108164
109164
110164
111164
113164
114164
115164
116164
118164
119164
120164
121164
123164
124164
125164
126164
128164
129164
130164
131164
133164
134164
135164
136164
138164
139164
140164
141164
143164
144164
145163
146162
148160
148159
148158
148157
148155
148154
148153
148152
148150
148149
148148
148147
148145
148144
148143
148142
148140
148139
148138
148137
148135
148134
148133
148132
148130
148129
148128
148127
148125
148124
148123
148122
148120
148119
148118
148117
148115
148114
148113
148112
148110
148109
148108
148107
148105
148104
148103
148102
148100
148099
148098
148097
148095
147094
146093
145092
143092
142092
141092
140092
138092
137092
136092
135092
133092
132092
131092
130092
128092
127092
126091
125090
124088
124087
124086
124085
124083
124082
124081
124080
124078
124077
124076
124075
124073
124072
124071
124071
123070
121068
120068
119068
119068
118068
116068
115068
114068
113068
111068
111068
110068
109068
108068
106068
105068
104068
103068
103068
101068
100068
099068
098068
096068
095068
095068
094068
093068
091068
090068
089068
088068
087068
086068
085068
084068
083068
081068
080068
079068
079068
078067
076065
076064
076063
076063
076062
076060
076059
076058
076057
076055
076055
076054
076053
076052
076050
076049
076048
076047
076047
076045
076044
076043
076042
076040
076039
076039
076038
076037
076035
076034
076033
076032
076031
075030
074029
073028
072028
071028
070028
069028
068028
067028
065028
064028
063028
063028
062028
060028
059028
058028
057028
055028
055028
054029
053030
052031
052032
052033
052034
052035
052036
052038
052039
052040
052040
052041
052043
052044
052045
052046
052048
052048
052049
052050
052051
052053
052054
052055
052056
052056
052058
052059
052060
052061
052063
052064
052065
052066
052068
052069
052070
052071
052073
052074
052075
052076
052078
052079
052080
052081
052083
052084
052085
052086
052088
052089
052090
052091
052093
052094
052095
052096
052098
052099
052100
052101
052103
052104
052105
052106
052108
052109
052110
052111
052113
052114
052115
052116
052118
052119
052120
052120
052121
052123
052124
052125
052126
052128
052128
052129
052130
052131
052133
052134
052135
052136
052138
052139
052140
052141
052143
052144
052145
052146
052148
052149
052150
052151
052153
052154
052155
052156
052158
052159
052160
052161
052163
052164
052165
052166
052168
052169
052170
052171
052173
052174
052175
052176
052178
052179
052180
052181
052183
052184
052185
052186
052188
052189
052190
052191
052193
052194
052195
052196
052198
052199
052200
052201
052203
052204
052205
052206
052208
052209
052210
052211
052213
052214
052215
052216
052218
052219
052220
052221
052223
052224
053225
054226
056228
056228
057228
058228
059228
061228
062228
063228
064228
064228
066228
067228
068228
069228
071228
072228
072228
073227
074226
076224
076223
076223
076222
076221
076219
076218
076217
076216
076215
076214
076213
076212
076211
076209
076208
076207
076207
076206
076204
076203
076202
076201
076199
076199
076198
076197
076196
076194
076193
076192
076191
078189
079188
080188
081188
083188
084188
085188
086188
088188
089188
090188
091188
093188
094188
095188
096188
098188
099188
100188
101188
103188
104188
105188
106188
108188
109188
110188
111188
113188
114188
115188
116188
118188
119188
120188
121187
123185
124184
124183
124182
124180
124179
124178
124177
124175
124174
124173
124172
124170
124169
124168
124167
126165
127164
128164
129164
131164
132164
133164
134164
136164
137164
138164
139164
141164
142164
143164
144164
146162
147161
148160
148159
148157
148156
148155
148154
148152
148151
148150
148149
148147
148146
148145
148144
148142
148141
148140
148139
148137
148136
148135
148134
148132
148131
148130
148129
148127
148126
148125
148124
148122
148121
148120
148119
148117
148116
148115
148114
148112
148111
148110
148109
148107
148106
148105
148104
148102
148101
148100
148099
148097
148096
148095
147094
145092
144092
143092
142092
140092
139092
138092
137092
135092
134092
133092
132092
130092
129092
128092
127092
125090
124089
124088
124087
124085
124084
124083
124082
124080
124079
124078
124077
124075
124074
124073
124072
125070
126069
127068
128068
128068
130068
131068
132068
133068
135068
136068
136068
137068
138068
140068
141068
142068
143068
144068
145068
146068
147068
148068
150068
151068
152068
152068
153068
155068
156068
157068
158068
160068
160068
161068
162068
163068
165068
166068
167068
168068
168068
170066
171065
172064
172063
172063
172061
172060
172059
172058
172056
172055
172055
172054
172053
172051
172050
172049
172048
172047
172046
172045
172044
172043
172041
172040
172039
172039
172038
172036
172035
172034
172033
172031
172031
173030
174029
175028
176028
177028
178028
179028
180028
182028
183028
184028
184028
185028
187028
188028
189028
190028
192028
192028
192028
192028
192028
194030
195031
196032
196032
196033
196035
196036
196037
196038
196040
196040
197041
198042
199043
200044
201044
202044
203044
204044
206044
207044
208044
208044
209044
211044
212044
213044
214044
216044
217045
218046
219047
220049
220050
220051
220052
220054
220055
220056
220057
220059
220060
220061
220062
220064
219065
218066
217067
215068
214068
213068
212068
210068
209068
208068
207068
205068
204068
203068
202068
200068
199068
198068
197068
195068
195068
195068
195068
195068
195068
195068
195068
195068
195068
195068
195068
195068
195068
195068
195068
195068
195068
195068
195068
195068
195068
195068
195068
195068
195068
195068
195068
195068
195068
195068
195068
195068
195068
195068
195068
195068
195068
195068
195068
195068
195068
195068
195068
195068
195068
195068
195068
195068
195068
195068
195068
195068
195068
195068
195068
195068
193068
192068
191068
191068
190068
188068
187068
186068
185068
183068
183068
182068
181068
180068
178068
177068
176068
175068
173070
172071
172071
172071
172071
172071
172071
172071
172071
172071
172071
172071
172071
172071
172071
172071
172071
172071
172071
172071
172071
172071
172071
172071
172071
172071
172071
172071
172071
172071
172071
172071
172071
172071
172071
172071
172071
172071
172071
172071
172071
172071
172071
172071
172071
172071
172071
172071
172071
172071
172071
172071
172071
172071
172071
172071
172071
172071
172071
172071
172072
172073
172074
172075
172076
172078
172079
172080
172080
172080
172080
172080
172080
172080
172080
172080
172080
172080
172080
172080
172080
172080
172080
172080
172080
172080
172080
172080
172080
172080
172080
172080
172080
172080
172080
172080
172080
172080
172080
172080
172080
172080
172080
172080
172080
172080
172080
172080
172080
172080
172080
172080
172080
172080
172080
172080
172080
172080
172080
172080
172080
172080
172080
172080
172080
172080
172080
172081
172083
172084
172085
172086
172088
171089
170090
169091
167092
166092
165092
164092
162092
161092
160092
159092
157092
156092
155092
154092
152092
151092
150093
149094
148096
148096
148096
148096
148096
148096
148096
148096
148096
148096
148096
148096
148096
148096
148096
148096
148096
148096
148096
148096
148096
148096
148096
148096
148096
148096
148096
148096
148096
148096
148096
148096
148096
148096
148096
148096
148096
148096
148096
148096
148096
148096
148096
148096
148096
148096
148096
148096
148096
148096
148096
148096
148096
148096
148096
148096
148096
148096
148098
148099
148100
148101
148103
148104
148105
148106
148108
148109
148110
148111
148113
148114
148115
148116
148118
148119
148120
148121
148123
148124
148125
148126
148128
148129
148130
148131
148133
148134
148135
148136
148138
148139
148140
148141
148143
148144
148145
148146
148148
148149
148150
148151
148153
148154
148155
148156
148158
148159
148160
147161
145163
144164
143164
142164
141164
139164
138164
137164
136164
134164
133164
132164
131164
129164
128164
127164
126165
124167
124168
124169
124170
124172
124173
124174
124175
124177
124178
124179
124180
124182
124183
124184
123185
121187
120188
119188
118188
116188
115188
114188
113188
111188
110188
109188
108188
106188
105188
104188
103188
101188
100188
099188
098188
096188
095188
094188
093188
091188
090188
089188
088188
086188
085188
084188
083188
081188
080188
079188
078188
076188
075188
074188
073188
071188
070188
069188
068188
066188
065188
064188
063188
061188
060188
059188
058188
056188
055188
054187
053186
052184
052183
052182
052181
052179
052178
052177
052176
052174
052173
052172
052171
052169
052168
052167
052166
052164
052163
052162
052161
052159
052158
052157
052156
052154
052153
052152
052151
052149
052148
052147
052146
052144
052143
052142
052141
052139
052138
052137
052136
052134
052133
052132
052131
052129
052128
052127
052126
052124
052123
052122
052121
052119
052118
052117
052116
052114
052113
052112
052111
052109
052108
052107
052106
052104
052103
052102
052101
052099
052098
052097
052096
053094
054093
055092
056092
058092
059092
060092
061092
063092
064092
065092
066092
068092
069092
070092
071092
073093
074094
075095
076096
076098
076099
076100
076101
076103
076104
076105
076106
076108
076109
076110
076111
077113
078114
079115
080116
082116
083116
084116
085116
087116
088116
089116
090116
092116
093116
094116
095116
097117
098118
099119
100120
100122
100123
100124
100125
100127
100128
100129
100130
100132
100133
100134
100135
100137
100138
100139
100140
100142
100143
100144
100145
100147
100148
100149
100150
100152
100153
100154
100155
100157
100158
100159
100160
102162
103163
104164
105164
107164
108164
109164
110164
112164
113164
114164
115164
117164
118164
119164
120164
122164
123164
124164
125164
127164
128164
129164
130164
132164
133164
134164
135164
137164
138164
139164
140164
142164
143164
144164
145164
147164
148164
149164
150164
152164
153164
154164
155164
157164
158164
159164
160164
162164
163164
164164
165164
167164
168164
169165
170166
172168
172169
172170
172171
172173
172174
172175
172176
172178
172179
172180
172181
172183
172184
171185
170186
168188
167188
166188
165188
163188
162188
161188
160188
158188
157188
156188
155188
153188
152188
151188
150188
148188
147188
146188
145188
143188
142188
141188
140188
138188
137188
136188
135188
133188
132188
131188
130188
128188
127188
126189
125190
124192
124193
124194
124195
124197
124198
124199
124200
124202
124203
124204
124205
124207
124208
124209
124210
124212
124213
124214
124215
124217
124218
124219
124220
124222
124223
124224
124225
124227
124228
124229
124230
124232
124233
124234
124235
124237
124238
124239
124240
124242
124243
124244
124245
124247
124248
124249
124250
124252
124253
124254
124255
124001
124002
124003
124004
124006
124007
124008
124009
124011
124012
124013
124014
124016
124017
124018
124019
124021
124022
124023
124024
124026
124027
124028
124029
124031
124032
124033
124034
124036
124037
124038
124039
124041
124042
124043
124044
124046
124047
124048
124049
124051
124052
124053
124054
124056
124057
124058
124059
124061
124062
124063
124064
122066
121067
120068
119068
117068
116068
115068
114068
112068
111068
110068
109068
107068
106068
105068
104068
102068
101068
100068
099068
097068
096068
095068
094068
092068
091068
090068
089068
087068
086068
085068
084068
082068
081068
080068
079068
077066
076065
076064
076063
076061
076060
076059
076058
076056
076055
076054
076053
076051
076050
076049
076048
076046
076045
076044
076043
076041
076040
076039
076038
076036
076035
076034
076033
076031
075030
074029
073028
071028
070028
069028
068028
066028
065028
064028
063028
061028
060028
059028
058028
056028
055028
054029
053030
052032
052033
052034
052035
052037
052038
052039
052040
052042
052043
052044
052045
052047
052048
052049
052050
052052
052053
052054
052055
052057
052058
052059
052060
052062
052063
052064
051065
049067
048068
047068
046068
044068
043068
042068
041068
039068
038068
037068
036068
034068
033068
032068
031068
029068
028068
027068
026068
024068
023068
022067
021066
020064
020063
020063
020062
020061
020059
020058
020057
020056
020055
020054
020053
020052
020051
020049
020048
020047
020047
020046
020044
020043
020042
020041
020039
020039
020038
020037
020036
020034
020033
020032
020031
020031
022029
023028
024028
024028
025028
027028
028028
029028
030028
032028
032028
032028
032028
032028
034028
035028
036028
037028
039028
040028
040028
041028
042028
044028
045028
046028
047028
049029
050030
051031
052032
052034
052035
052036
052037
052039
052040
052041
052042
052044
052045
052046
052047
052049
052050
052051
052052
052054
052055
052056
052057
052059
052060
052061
052062
052064
051065
050066
049067
047068
047068
047068
047068
047068
047068
047068
047068
047068
047068
047068
047068
047068
047068
047068
047068
047068
047068
047068
047068
047068
047068
047068
047068
047068
047068
047068
047068
047068
047068
047068
047068
047068
047068
047068
047068
047068
047068
047068
047068
047068
047068
047068
047068
047068
047068
047068
047068
047068
047068
047068
047068
047068
047068
047068
047068
047068
047068
047068
047068
047068
045068
044068
043068
042068
040068
039068
038068
037068
035068
034068
033068
032068
030068
029068
028068
027068
025068
024068
023068
022069
020071
020072
020073
020074
020076
020077
020078
020079
020081
020082
020083
020084
020086
020087
020088
020089
020091
020092
020093
020094
020096
020097
020098
020099
020101
020102
020103
020104
020106
020107
020108
020109
020111
020112
021113
022114
024116
024116
024116
024116
024116
024116
024116
024116
024116
024116
024116
024116
024116
024116
024116
024116
024116
024116
024116
024116
024116
024116
024116
024116
024116
024116
024116
024116
024116
024116
024116
024116
024116
024116
024116
024116
024116
024116
024116
024116
024116
024116
024116
024116
024116
024116
024116
024116
024116
024116
024116
024116
024116
024116
024116
024116
024116
024116
025116
027116
028116
029116
030116
032116
033116
034116
035116
037116
038116
039116
040116
040116
040116
040116
040116
040116
040116
040116
040116
040116
040116
040116
040116
040116
040116
040116
040116
040116
040116
040116
040116
040116
040116
040116
040116
040116
040116
040116
040116
040116
040116
040116
040116
040116
040116
040116
040116
040116
040116
040116
040116
040116
040116
040116
040116
040116
040116
040116
040116
040116
040116
040116
040116
040116
040116
040116
040116
040116
040116
040116
042116
043116
044116
045116
047116
048116
049117
050118
REMARK:Push left until you see 1600, then push right
052120
052121
052122
052123
052125
052126
052127
052128
052130
052131
052132
052133
052135
052136
052137
052138
052140
052141
052142
052143
052145
052146
052147
052148
052150
052151
052152
052153
052155
052156
052157
052158
052159
052159
052159
052159
052159
052159
052159
052159
052159
052159
052159
052159
052159
052159
052159
052159
052159
052159
052159
052159
052159
052159
052159
052159
052159
052159
052159
052159
052159
052159
052159
052159
052159
052159
052159
052159
052159
052159
052159
052159
052159
052159
052159
052159
052159
052159
052159
052159
052159
052159
052159
052159
052159
052159
052159
052159
052159
052159
052159
052159
052159
052158
052157
052156
052155
052153
052152
052151
052150
052148
052147
052146
052145
052143
052142
052141
052140
052138
052137
052136
052135
052133
052132
052131
052130
052128
052127
052126
052125
052123
052122
052121
052120
052118
052117
052116
052115
052113
052112
052111
052110
052108
052107
052106
052105
052103
052102
052101
052100
052098
052097
052096
052095
052093
052092
052091
052090
052088
052087
052086
052085
052083
052082
052081
052080
052078
052077
052076
052075
052073
052072
052071
053070
055068
056068
056068
057068
058068
060068
061068
062068
063068
064068
064068
064068
064068
064068
064068
064068
064068
064068
064068
064068
064068
064068
064068
064068
064068
064068
064068
064068
064068
064068
064068
064068
064068
064068
064068
064068
064068
064068
064068
064068
064068
064068
064068
064068
064068
064068
064068
064068
064068
064068
064068
064068
064068
064068
064068
064068
064068
064068
064068
064068
064068
064068
064068
064068
064068
064068
064068
064068
064068
064068
064068
064068
064068
064068
064068
064068
064068
064068
064068
064068
064068
064068
064068
064068
064068
064068
064068
064068
064068
064068
064068
064068
064068
064068
064068
064068
064068
064068
064068
064068
064068
064068
064068
064068
064068
064068
064068
064068
064068
064068
064068
064068
064068
064068
064068
064068
064068
064068
064068
064068
064068
064068
064068
064068
064068
064068
064068
064068
064068
064068
064068
064068
064068
064068
064068
064068
064068
064068
064068
064068
064068
064068
064068
064068
064068
064068
064068
064068
064068
064068
064068
064068
064068
064068
064068
064068
064068
064068
064068
064068
064068
064068
064068
064068
064068
064068
064068
064068
064068
064068
064068
064068
064068
064068
064068
064068
064068
064068
064068
064068
064068
064068
064068
064068
064068
064068
064068
064068
064068
064068
064068
064068
064068
064068
064068
064068
064068
064068
064068
064068
064068
064068
064068
064068
064068
064068
064068
064068
064068
064068
064068
064068
064068
064068
064068
064068
064068
064068
064068
064068
064068
064068
064068
