196128
196128
196128
196128
196128
196128
196128
196128
196128
196128
196128
196128
196128
196128
196128
196128
196128
196128
196128
196128
196128
196128
196128
196128
196128
196128
196128
196128
196128
196128
196128
196128
196128
196128
196128
196128
196128
196128
196128
196128
196128
196128
196128
196128
196128
196128
196128
196128
196128
196128
196128
196128
196128
196128
196128
196128
196128
196128
196128
196128
196128
196128
196128
196128
196128
196128
196128
196128
196130
196131
196132
196133
196135
196136
196136
196137
196138
196140
196141
196142
196143
196144
196145
196146
196147
196148
196150
196151
196152
196152
196153
196155
196156
196157
196158
196160
196160
196161
196162
196163
196165
196166
196167
196168
196168
196170
196171
196172
196173
196175
196176
196176
196177
196178
196180
196181
196182
196183
196184
197185
198186
199187
200188
200188
202188
203188
204188
205188
207188
208188
208188
209188
210188
212188
213188
214188
215188
216188
217189
218190
219191
220192
220192
220194
220195
220196
220197
220199
220200
220200
220201
220202
220204
220205
220206
220207
220208
220209
220210
220211
220212
220214
220215
220216
220216
220217
220219
220220
220221
220222
220224
220224
221225
222226
223227
224228
225228
226228
227228
228228
230228
231228
232228
232228
233228
235228
236228
237228
238228
240228
240228
241227
242226
243225
244223
244223
244222
244221
244220
244218
244217
244216
244215
244215
244213
244212
244211
244210
244208
244207
244207
244206
244205
244203
244202
244201
244200
244199
244198
244197
244196
244195
244193
244192
244191
244191
244190
244188
244187
244186
244185
244183
244183
244182
244181
244180
244178
244177
244176
244175
244175
244173
244172
244171
244170
244168
244167
244167
244166
244165
244163
244162
244161
244160
244159
244158
244157
244156
244155
244153
244152
244151
244151
244150
244148
244147
244146
244145
244143
244143
244142
244141
244140
244138
244137
244136
244135
244135
244133
244132
244131
244130
244128
244127
244127
244126
244125
244123
244122
244121
244120
244119
243118
242117
241116
240116
239116
238116
237116
236116
235116
233116
232116
231116
231116
230116
228116
227116
226116
225116
223116
223116
222115
221114
220113
220111
220111
220110
220109
220108
220106
220105
220104
220103
220103
220101
220100
220099
220098
220096
220095
220095
219094
218093
216092
215092
215092
214092
213092
211092
210092
209092
208092
207092
206092
205092
204092
203092
201092
200092
199092
199092
198093
196095
196096
196096
196097
196098
196100
196101
196102
196103
196104
196105
196106
196107
196108
196110
196111
196112
196112
195113
193115
192116
191116
191116
190116
188116
187116
186116
185116
183116
183116
182116
181116
180116
178116
177116
176116
175116
175116
173114
172113
172112
172111
172111
172109
172108
172107
172106
172104
172103
172103
172102
172101
172099
172098
172097
172096
172095
171094
170093
169092
168092
166092
165092
164092
163092
161092
160092
159092
158092
156092
155092
154092
153092
151092
150093
149094
148095
148097
148098
148099
148100
148102
148103
148104
148105
148107
148108
148109
148110
148112
148113
148114
148115
148117
148118
148119
148120
148122
148123
148124
148125
148127
148128
148129
148130
148132
148133
148134
148135
148137
148138
148139
148140
148142
148143
148144
148145
148147
148148
148149
148150
148152
148153
148154
148155
148157
148158
148159
148160
146162
145163
144164
143164
141164
140164
139164
138164
136164
135164
134164
133164
131164
130164
129164
128164
126165
125166
124167
124168
124170
124171
124172
124173
124175
124176
124177
124178
124180
124181
124182
124183
124184
125185
126186
127187
128188
128188
130188
131188
132188
133188
135188
136188
136188
137188
138188
140188
141188
142188
143188
144188
145188
146188
147188
148188
150188
151188
152188
152188
153188
155188
156188
157188
158188
160188
160188
161188
162188
163188
165188
166188
167188
168188
168188
170188
171188
172188
173188
175188
176188
176188
177188
178188
180188
181188
182188
183188
184188
185188
186188
187188
188188
190188
191188
192188
193187
195185
196184
196183
196182
196180
196179
196178
196177
196175
196174
196173
196172
196170
196169
196168
196167
196165
196164
196163
196162
196160
196159
196158
196157
196155
196154
196153
196152
196150
196149
196148
196147
196145
196144
196143
196142
196140
196139
196138
196137
196135
196134
196133
196132
196130
196129
196128
196127
196125
196124
196123
196122
196120
196119
195118
194117
192116
191116
190116
189116
187116
186116
185116
184116
182116
181116
180116
179116
177116
176116
175116
174115
172113
172112
172111
172110
172108
172107
172106
172105
172103
172102
172101
172100
172098
172097
172096
172095
170093
169092
168092
167092
165092
164092
163092
162092
160092
159092
158092
157092
155092
154092
153092
152092
150092
149092
148092
147092
145092
144092
143092
142092
140092
139092
138092
137092
135092
134092
133092
132092
130092
129092
128092
127092
125090
124089
124088
124087
124085
124084
124083
124082
124080
124079
124078
124077
124075
124074
124073
124072
124071
125070
126069
127068
128068
128068
130068
131068
132068
133068
135068
136068
136068
137068
138068
140068
141068
142068
143068
144068
145068
146068
147068
148068
150068
151068
152068
152068
153068
155068
156068
157068
158068
160068
160068
161068
162068
163068
165068
166068
167068
168068
168068
170070
171071
172072
172072
172073
172075
172076
172077
172078
172080
172080
172081
172082
172083
172085
172086
172087
172088
170090
169091
168092
167092
165092
164092
163092
162092
160092
159092
158092
157092
155092
154092
153092
152092
150092
149092
148092
147092
145092
144092
143092
142092
140092
139092
138092
137092
135092
134092
133092
132092
130092
129092
128092
127092
125092
124092
123092
122092
120092
119092
118092
117092
115092
114092
113092
112092
110092
109092
108092
107092
105092
104092
103092
102093
100095
100096
100097
100098
100100
100101
100102
100103
100105
100106
100107
100108
100110
100111
100112
100113
100115
100116
100117
100118
100120
100121
100122
100123
100125
100126
100127
100128
100130
100131
100132
100133
100135
100136
100137
100138
100140
100141
100142
100143
100145
100146
100147
100148
100150
100151
100152
100153
100155
100156
100157
100158
100160
101161
102162
103163
105164
106164
107164
108164
110164
111164
112164
113164
115164
116164
117164
118164
120164
121164
122164
123164
125164
126164
127164
128164
130164
131164
132164
133164
135164
136164
137164
138164
140164
141164
142164
143164
145164
146164
147164
148164
150164
151164
152164
153164
155164
156164
157164
158164
160164
161164
162164
163164
165164
166164
167164
168164
168164
170166
171167
172168
172168
172169
172171
172172
172173
172174
172176
172176
172177
172178
172179
172181
172182
172183
172184
170186
169187
168188
167188
165188
164188
163188
162188
160188
159188
158188
157188
155188
154188
153188
152188
150188
149188
148188
147188
145188
144188
143188
142188
140188
139188
138188
137188
135188
134188
133188
132188
130188
129188
128188
127188
125186
124185
124184
124183
124181
124180
124179
124178
124176
124175
124174
124173
124171
124170
124169
124168
125166
126165
127164
128164
130164
131164
132164
133164
135164
136164
137164
138164
140164
141164
142164
143164
145163
146162
147161
148160
148158
148157
148156
148155
148153
148152
148151
148150
148148
148147
148146
148145
148143
148142
148141
148140
148138
148137
148136
148135
148133
148132
148131
148130
148128
148127
148126
148125
148123
148122
148121
148120
148118
148117
148116
148115
148113
148112
148111
148110
148108
148107
148106
148105
148103
148102
148101
148100
148098
148097
148096
148095
146093
145092
144092
143092
141092
140092
139092
138092
136092
135092
134092
133092
131092
130092
129092
128092
126092
125092
124092
123092
121092
120092
119092
118092
116092
115092
114092
113092
111092
110092
109092
108092
106092
105092
104092
103092
101094
100095
100096
100097
100099
100100
100101
100102
100104
100105
100106
100107
100109
100110
100111
100112
100114
100115
100116
100117
100119
100120
100121
100122
100124
100125
100126
100127
100129
100130
100131
100132
100134
100135
100136
100137
100139
100140
100141
100142
100144
100145
100146
100147
100149
100150
100151
100152
100154
100155
100156
100157
100159
100160
101161
102162
104164
105164
106164
107164
109164
110164
111164
112164
114164
115164
116164
117164
119164
120164
121164
122164
124164
125164
126164
127164
129164
130164
131164
132164
134164
135164
136164
137164
139164
140164
141164
142164
144164
145164
146164
147164
149164
150164
151164
152164
154164
155164
156164
157164
159164
160164
161164
162164
164164
165164
166164
167164
169165
170166
171167
172168
172170
172171
172172
172173
172175
172176
172177
172178
172180
172181
172182
172183
173185
174186
175187
176188
178188
179188
180188
181188
183188
184188
185188
186188
188188
189188
190188
191188
193187
194186
195185
196184
196182
196181
196180
196179
196177
196176
196175
196174
196172
196171
196170
196169
196167
196166
196165
196164
196162
196161
196160
196159
196157
196156
196155
196154
196152
196151
196150
196149
196147
196146
196145
196144
196142
196141
196140
196139
196137
196136
196135
196134
196132
196131
196130
196129
196127
196126
196125
196124
196122
196121
196120
196119
196117
196116
196115
196114
196112
196111
196110
196109
196107
196106
196105
196104
196102
196101
196100
196099
196097
196096
196095
197094
199092
200092
201092
202092
204092
205092
206092
207092
209092
210092
211092
212092
214092
215092
216092
217093
219095
220096
220097
220098
220100
220101
220102
220103
220105
220106
220107
220108
220110
220111
220112
221113
223115
224116
225116
226116
228116
229116
230116
231116
233116
234116
235116
236116
238116
239116
240116
241117
243119
244120
244121
244122
244124
244125
244126
244127
244129
244130
244131
244132
244134
244135
244136
244137
244139
244140
244141
244142
244144
244145
244146
244147
244149
244150
244151
244152
244154
244155
244156
244157
244159
244160
244161
244162
244164
244165
244166
244167
244169
244170
244171
244172
244174
244175
244176
244177
244179
244180
244181
244182
244184
244185
244186
244187
244189
244190
244191
244192
244194
244195
244196
244197
244199
244200
244201
244202
244204
244205
244206
244207
244209
244210
244211
244212
244214
244215
244216
244217
244219
244220
244221
244222
244224
243225
242226
241227
239228
238228
237228
236228
234228
233228
232228
231228
229228
228228
227228
226228
224228
223228
222227
221226
220224
220223
220222
220221
220219
220218
220217
220216
220214
220213
220212
220211
220209
220208
220207
220206
220204
220203
220202
220201
220199
220198
220197
220196
220194
220193
220192
220191
218189
217188
216188
215188
213188
212188
211188
210188
208188
207188
206188
205188
203188
202188
201188
200188
198188
197188
196188
195188
193188
192188
191188
190188
188188
187188
186188
185188
183188
182188
181188
180188
178188
177188
176188
175188
173190
172191
172192
172192
172193
172195
172196
172197
172198
172200
172200
172201
172202
172203
172205
172206
172207
172208
172208
172210
172211
172212
172213
172215
172216
172216
172217
172218
172220
172221
172222
172223
172224
173225
174226
175227
176228
176228
178228
179228
180228
181228
183228
184228
184228
185228
186228
188228
189228
190228
191228
192228
192228
192228
192228
193227
194226
196224
196223
196223
196222
196221
196219
196218
196217
196216
196215
197214
198213
199212
200212
200212
202212
203212
204212
205212
206212
206212
206212
206212
206212
206212
206212
206212
206212
206212
206212
206212
206212
206212
206212
206212
206212
206212
206212
206212
206212
206212
206212
206212
206212
206212
206212
206212
206212
206212
206212
206212
206212
206212
206212
206212
206212
206212
206212
206212
206212
206212
206212
206212
206212
206212
206212
206212
206212
206212
206212
206212
206212
206212
206212
206212
206212
206212
206212
206212
206212
207212
208212
208212
209212
210212
212212
213212
214212
215212
217213
218214
219215
220216
220218
220218
220218
220218
220218
220218
220218
220218
220218
220218
220218
220218
220218
220218
220218
220218
220218
220218
220218
220218
220218
220218
220218
220218
220218
220218
220218
220218
220218
220218
220218
220218
220218
220218
220218
220218
220218
220218
220218
220218
220218
220218
220218
220218
220218
220218
220218
220218
220218
220218
220218
220218
220218
220218
220218
220218
220218
220218
220218
220218
220219
220219
220219
220219
220219
220219
220219
220219
220219
220219
220219
220219
220219
220219
220219
220219
220219
220219
220219
220219
220219
220219
220219
220219
220219
220219
220219
220219
220219
220219
220219
220219
220219
220219
220219
220219
220219
220219
220219
220219
220219
220219
220219
220219
220219
220219
220219
220219
220219
220219
220219
220219
220219
220219
220219
220219
220219
220219
220219
220219
220219
220219
220219
220219
220219
220219
220219
220219
220219
220219
220219
220219
220219
220219
220219
220219
220219
220219
220219
220219
220219
220219
220219
220219
220219
220219
220219
220219
220219
220219
220219
220219
220219
220219
220219
220219
220219
220219
220219
220219
220219
220219
220219
220219
220219
220219
220219
220219
220219
220219
220219
220219
220219
220219
220219
220219
220219
220219
220219
220219
220221
220222
220223
220224
222226
223227
224228
225228
227228
228228
229228
230228
232228
233228
234228
235228
237228
238228
239228
241227
242226
243225
244224
244222
244221
244220
244219
244217
244216
244215
244214
244212
244211
244210
244209
244207
244206
244205
244204
244202
244201
244200
244199
244197
244196
244195
244194
244192
244191
244190
244189
244187
244186
244185
244184
244182
244181
244180
244179
244177
244176
244175
244174
244172
244171
244170
244169
244167
244166
244165
244164
244162
244161
244160
244159
244157
244156
244155
244154
244152
244151
244150
244149
244147
244146
244145
244144
243142
242141
241140
240140
239140
238140
237140
236140
235140
233140
232140
231140
231140
230140
228140
227140
226140
225140
223140
223140
222141
221142
220143
220144
220145
220146
220147
220148
220150
220151
220152
220152
220153
220155
220156
220157
220158
220160
220160
219161
218162
217163
215164
215164
214164
213164
212164
210164
209164
208164
207164
207164
205164
204164
203164
202164
200164
199164
198163
197162
196160
196159
196158
196157
196155
196154
196153
196152
196150
196149
196148
196147
196145
196144
196143
195142
193140
192140
191140
191140
190140
188140
187140
186140
185140
183140
183140
182140
181140
180140
178140
177140
176140
175140
175140
173142
172143
172144
172144
172145
172147
172148
172149
172150
172152
172152
172153
172154
172155
172157
172158
172159
172160
172162
172163
172164
172165
172167
172168
172169
172170
172172
172173
172174
172175
172177
172178
172179
172180
172182
172183
172184
173185
175187
176188
177188
178188
180188
181188
182188
183188
185188
186188
187188
188188
190188
191188
192188
193187
195185
196184
196183
196182
196180
196179
196178
196177
196175
196174
196173
196172
196170
196169
196168
196167
196165
196164
196163
196162
196160
196159
196158
196157
196155
196154
196153
196152
196150
196149
196148
196147
196145
196144
196143
195142
193140
192140
191140
190140
188140
187140
186140
185140
183140
182140
181140
180140
178140
177140
176140
175140
173142
172143
172144
172145
172147
172148
172149
172150
172152
172153
172154
172155
172157
172158
172159
172160
172162
172163
172164
172165
172167
172168
172169
172170
172172
172173
172174
172175
172177
172178
172179
172180
172182
172183
172184
173185
175187
176188
177188
178188
180188
181188
182188
183188
185188
186188
187188
188188
190188
191188
192188
193187
195185
196184
196183
196182
196180
196179
196178
196177
196175
196174
196173
196172
196170
196169
196168
196167
198165
199164
200164
201164
203164
204164
205164
206164
208164
209164
210164
211164
213164
214164
215164
216164
218162
219161
220160
220159
220157
220156
220155
220154
220152
220151
220150
220149
220147
220146
220145
220144
221142
222141
223140
224140
226140
227140
228140
229140
231140
232140
233140
234140
236140
237140
238140
239140
241139
242138
243137
244136
244134
244133
244132
244131
244129
244128
244127
244126
244124
244123
244122
244121
244119
243118
242117
241116
239116
238116
237116
236116
234116
233116
232116
231116
229116
228116
227116
226116
224116
223116
222115
221114
220112
220111
220110
220109
220107
220106
220105
220104
220102
220101
220100
220099
220097
220096
220095
219094
217092
216092
215092
214092
212092
211092
210092
209092
207092
206092
205092
204092
202092
201092
200092
199092
197090
196089
196088
196087
196087
196085
196084
196083
196082
196080
196079
196079
196078
196077
196075
196074
196073
196072
196071
195070
194069
193068
192068
191068
190068
189068
188068
187068
185068
184068
183068
183068
182068
180068
179068
178068
177068
175068
174068
173068
172068
170068
169068
168068
167068
165068
164068
163068
162068
160068
159068
158068
157068
155068
154068
153068
152068
150068
149068
148068
147068
145068
144068
143068
142068
140068
139068
138068
137068
135068
134068
133068
132068
130068
129068
128068
127068
125070
124071
124072
124073
124075
124076
124077
124078
124080
124081
124082
124083
124085
124086
124087
124088
122090
121091
120092
119092
117092
116092
115092
114092
112092
111092
110092
109092
107092
106092
105092
104092
102093
101094
100095
100096
100098
100099
100100
100101
100103
100104
100105
100106
100108
100109
100110
100111
100113
100114
100115
100116
100118
100119
100120
100121
100123
100124
100125
100126
100128
100129
100130
100131
100133
100134
100135
100136
100138
100139
100140
100141
100143
100144
100145
100146
100148
100149
100150
100151
100153
100154
100155
100156
100158
100159
100160
101161
103163
104164
105164
106164
108164
109164
110164
111164
113164
114164
115164
116164
118164
119164
120164
121165
123167
124168
124169
124170
124172
124173
124174
124175
124177
124178
124179
124180
124182
124183
124184
124185
124187
124188
124189
124190
124192
124193
124194
124195
124197
124198
124199
124200
124202
124203
124204
124205
124207
124208
124209
124210
124212
124213
124214
124215
124217
124218
124219
124220
124222
124223
124224
124225
124227
124228
124229
124230
124232
124233
124234
124235
124237
124238
124239
124240
124242
124243
124244
124245
124247
124248
124249
124250
124252
124253
124254
124255
124001
124002
124003
124004
124006
124007
124008
124009
124011
124012
124013
124014
124016
124017
124018
124019
124021
124022
124023
124024
124026
124027
124028
124029
124031
124032
124033
124034
124036
124037
124038
124039
124041
124042
124043
124044
124046
124047
124048
124049
124051
124052
124053
124054
124056
124057
124058
124059
124061
124062
124063
124064
124066
124067
124068
124069
124071
124072
124073
124074
124076
124077
124078
124079
124081
124082
124083
124084
124086
124087
124088
125089
127091
128092
129092
130092
132092
133092
134092
135092
137092
138092
139092
140092
142092
143092
144092
145093
147095
148096
148097
148098
148100
148101
148102
148103
148105
148106
148107
148108
148110
148111
148112
148113
148115
148116
148117
148118
148120
148121
148122
148123
148125
148126
148127
148128
148130
148131
148132
148133
148135
148136
148137
148138
148140
148141
148142
148143
148145
148146
148147
148148
148150
148151
148152
148153
148155
148156
148157
148158
148160
147161
146162
145163
143164
142164
141164
140164
138164
137164
136164
135164
133164
132164
131164
130164
128164
127164
126165
125166
124168
124169
124170
124171
124173
124174
124175
124176
124178
124179
124180
124181
124183
124184
125185
126186
128188
129188
130188
131188
133188
134188
135188
136188
138188
139188
140188
141188
143188
144188
145188
146188
148188
149188
150188
151188
153188
154188
155188
156188
158188
159188
160188
161188
163188
164188
165188
166188
168188
169187
170186
171185
172183
172182
172181
172180
172178
172177
172176
172175
172173
172172
172171
172170
172168
172167
172166
172165
172163
172162
172161
172160
172158
172157
172156
172155
172153
172152
172151
172150
172148
172147
172146
172145
172143
173142
174141
175140
177140
178140
179140
180140
182140
183140
184140
185140
187140
188140
189140
190140
192140
193141
194142
195143
196145
196146
196147
196148
196150
196151
196152
196153
196155
196156
196157
196158
196160
196161
196162
196163
196165
196166
196167
196168
196170
196171
196172
196173
196175
196176
196177
196178
196180
196181
196182
196183
197185
198186
199187
200188
202188
203188
204188
205188
207188
208188
209188
210188
212188
213188
214188
215188
217189
218190
219191
220192
220194
220195
220196
220197
220199
220200
220201
220202
220204
220205
220206
220207
220209
220210
220211
220212
220214
220215
220216
220217
220219
220220
220221
220222
220224
221225
222226
223227
225228
226228
227228
228228
230228
231228
232228
233228
235228
236228
237228
238228
240228
241227
242226
243225
244223
244222
244221
244220
244218
244217
244216
244215
244213
244212
244211
244210
244208
244207
244206
244205
244203
244202
244201
244200
244198
244197
244196
244195
244193
244192
244191
244190
244188
244187
244186
244185
244183
244182
244181
244180
244178
244177
244176
244175
244173
244172
244171
244170
244168
244167
244166
244165
244163
244162
244161
244160
244158
244157
244156
244155
244153
244152
244151
244150
244148
244147
244146
244145
244143
243142
242141
241140
239140
238140
237140
236140
234140
233140
232140
231140
229140
228140
227140
226140
224140
223140
222141
221142
220144
220145
220146
220147
220149
220150
220151
220152
220154
220155
220156
220157
220159
220160
219161
218162
216164
215164
214164
213164
211164
210164
209164
208164
206164
205164
204164
203164
201164
200164
199164
198163
196161
196160
196159
196158
196156
196155
196154
196153
196151
196150
196149
196148
196146
196145
196144
196143
196141
196140
196139
196138
196136
196135
196134
196133
196131
196130
196129
196128
196126
196125
196124
196123
196121
196120
196119
196118
196116
196115
196114
196113
196111
196110
196109
196108
196106
196105
196104
196103
196101
196100
196099
196098
196096
196095
197094
198093
200092
201092
202092
203092
205092
206092
207092
208092
210092
211092
212092
213092
215092
216092
217093
218094
220096
220097
220098
220099
220101
220102
220103
220104
220106
220107
220108
220109
220111
220112
221113
222114
224116
225116
226116
227116
229116
230116
231116
232116
234116
235116
236116
237116
239116
240116
241115
242114
244112
244111
244111
244110
244109
244107
244106
244105
244104
244103
244102
244101
244100
244099
244097
244096
244095
244095
244094
244092
244091
244090
244089
244087
244087
244086
244085
244084
244082
244081
244080
244079
244079
244077
244076
244075
244074
244072
244071
244071
244070
244069
244067
244066
244065
244064
244063
244062
244061
244060
244059
244057
244056
244055
244055
244054
244052
244051
244050
244049
244047
244047
244046
244045
244044
244042
244041
244040
244039
244039
244037
244036
244035
244034
244032
244031
244031
243030
242029
240028
239028
239028
238028
237028
235028
234028
233028
232028
231028
230028
229028
228028
227028
225028
224028
223028
223028
222029
220031
220032
220032
220033
220034
220036
220037
220038
220039
220040
220041
220042
220043
220044
220046
220047
220048
220048
220049
220051
220052
220053
220054
220056
220056
220057
220058
220059
220061
220062
220063
220064
220064
218066
217067
216068
215068
215068
213068
212068
211068
210068
208068
207068
207068
206068
205068
203068
202068
201068
200068
198068
197068
196068
195068
193068
192068
191068
190068
188068
187068
186068
185068
183068
182068
181068
180068
178068
177068
176068
175068
173066
172065
172064
172063
172063
172061
172060
172059
172058
172056
172055
172055
172054
172053
172051
172050
172049
172048
172047
172046
172045
172044
172043
172041
172040
172039
172039
172038
172036
172035
172034
172033
172031
172031
173030
174029
175028
176028
177028
178028
179028
180028
182028
183028
184028
184028
185028
187028
188028
189028
190028
192028
192028
192028
192028
192028
194030
195031
196032
196032
196033
196035
196036
196037
196038
196040
196040
197041
198042
199043
REMARK:Push left until you see 200, then push right
200044
201044
202044
203044
204044
206044
207044
208044
208044
209044
211044
212044
213044
214044
216044
217045
218046
219047
220048
220048
220048
220048
220048
220048
220048
220048
220048
220048
220048
220048
220048
220048
220048
220048
220048
220048
220048
220048
220048
220048
220048
220048
220048
220048
220048
220048
220048
220048
220048
220048
220048
220048
220048
220048
220048
220048
220048
220048
220048
220048
220048
220048
220048
220048
220048
220048
220048
220048
220048
220048
220048
220048
220048
220048
220048
220047
220046
220045
220044
220042
220041
220040
220039
220037
220036
220035
220034
220032
220031
221030
222029
224028
225028
226028
226028
226028
226028
226028
226028
226028
226028
226028
226028
226028
226028
226028
226028
226028
226028
226028
226028
226028
226028
226028
226028
226028
226028
226028
226028
226028
226028
226028
226028
226028
226028
226028
226028
226028
226028
226028
226028
226028
226028
226028
226028
226028
226028
226028
226028
226028
226028
226028
226028
226028
226028
226028
226028
226028
226028
226028
226028
226028
226028
226028
227028
227028
227028
227028
227028
227028
227028
227028
227028
227028
227028
227028
227028
227028
227028
227028
227028
227028
227028
227028
227028
227028
227028
227028
227028
227028
227028
227028
227028
227028
227028
227028
227028
227028
227028
227028
227028
227028
227028
227028
227028
227028
227028
227028
227028
227028
227028
227028
227028
227028
227028
227028
227028
227028
227028
227028
227028
227028
227028
227028
229028
229028
229028
229028
229028
229028
229028
229028
229028
229028
229028
229028
229028
229028
229028
229028
229028
229028
229028
229028
229028
229028
229028
229028
229028
229028
229028
229028
229028
229028
229028
229028
229028
229028
229028
229028
229028
229028
229028
229028
229028
229028
229028
229028
229028
229028
229028
229028
229028
229028
229028
229028
229028
229028
229028
229028
229028
229028
229028
229028
231028
232028
233028
234028
235028
237028
238028
239028
240028
242030
243031
244032
244033
244035
244036
244037
244038
244040
244041
244042
244043
244045
244046
244047
244048
244050
244051
244052
244053
244055
244056
244057
244058
244060
244061
244062
244063
244065
244066
244067
244068
244070
244071
244072
244073
244075
244076
244077
244078
244080
244081
244082
244083
244085
244086
244087
244088
244090
244091
244092
244093
244095
244096
244097
244098
244100
244101
244102
244103
244105
244106
244107
244108
244110
244111
244112
243113
241115
240116
239116
238116
236116
235116
234116
233116
231116
230116
229116
228116
226116
225116
224116
223116
221114
220113
220112
220111
220109
220108
220107
220106
220104
220103
220102
220101
220099
220098
220097
220096
219094
218093
217092
216092
214092
213092
212092
211092
209092
208092
207092
206092
204092
203092
202092
201092
199092
198091
197090
196089
196087
196086
196085
196084
196082
196081
196080
196079
196077
196076
196075
196074
196072
196071
195070
194069
192068
191068
190068
189068
187068
186068
185068
184068
182068
181068
180068
179068
177068
176068
175068
174068
172068
171068
170068
169068
167068
166068
165068
164068
162068
161068
160068
159068
157068
156068
155068
154068
152068
151068
150068
149068
147068
146068
145068
144068
142068
141068
140068
139068
137068
136068
135068
134068
132068
131068
130068
129068
127068
126067
125066
124065
124063
124062
124061
124060
124058
124057
124056
124055
124053
124052
124051
124050
124048
124047
124046
124045
124043
124042
124041
124040
124038
124037
124036
124035
124033
124032
124031
124030
124028
124027
124026
124025
124023
124022
124021
124020
124018
124017
124016
124015
124013
124012
124011
124010
124008
124007
124006
124005
124003
124002
124001
124000
124254
124253
124252
124251
124249
124248
124247
124246
124244
124243
124242
124241
124239
124238
124237
124236
124234
124233
124232
124231
124229
124228
124227
124226
124224
124223
124222
124221
124219
124218
124217
124216
124214
124213
124212
124211
124209
124208
124207
124206
124204
124203
124202
124201
124199
124198
124197
124196
124194
124193
124192
124191
126189
127188
128188
129188
131188
132188
133188
134188
136188
137188
138188
139188
141188
142188
143188
144188
146188
147188
148188
149188
151188
152188
153188
154188
156188
157188
158188
159188
161188
162188
163188
164188
166188
167188
168188
169189
171191
172192
172193
172194
172196
172197
172198
172199
172201
172202
172203
172204
172206
172207
172208
172209
172211
172212
172213
172214
172216
172217
172218
172219
172221
172222
172223
172224
174226
175227
176228
177228
179228
180228
181228
182228
184228
185228
186228
187228
189228
190228
191228
192228
194226
195225
196224
196223
196221
196220
196219
196218
196216
196215
197214
198213
200212
201212
202212
203212
205212
206212
207212
208212
210212
211212
212212
213212
215212
216212
217213
218214
220216
220217
220218
220219
220221
220222
220223
220224
222226
223227
224228
225228
227228
228228
229228
230228
232228
233228
234228
235228
237228
238228
239228
240228
242226
243225
244224
244223
244221
244220
244219
244218
244216
244215
244214
244213
244211
244210
244209
244208
244206
244205
244204
244203
244201
244200
244199
244198
244196
244195
244194
244193
244191
244190
244189
244188
244186
244185
244184
244183
244181
244180
244179
244178
244176
244175
244174
244173
244171
244170
244169
244168
244166
244165
244164
244163
244161
244160
244159
244158
244156
244155
244154
244153
244151
244150
244149
244148
244146
244145
244144
244143
242141
241140
240140
239140
237140
236140
235140
234140
232140
231140
230140
229140
227140
226140
225140
224140
222141
221142
220143
220144
220146
220147
220148
220149
220151
220152
220153
220154
220156
220157
220158
220159
219161
218162
217163
216164
214164
213164
212164
211164
209164
208164
207164
206164
204164
203164
202164
201164
199164
198163
197162
196161
196159
196158
196157
196156
196154
196153
196152
196151
196149
196148
196147
196146
196144
196143
196142
196141
196139
196138
196137
196136
196134
196133
196132
196131
196129
196128
196127
196126
196124
196123
196122
196121
196119
196118
196117
196116
196114
196113
196112
196111
196109
196108
196107
196106
196104
196103
196102
196101
196099
196098
196097
196096
196094
196093
196092
196091
196089
196088
196087
196086
196084
196083
196082
196081
196079
196078
196077
196076
196074
196073
196072
196071
194069
193068
192068
191068
189068
188068
187068
186068
184068
183068
182068
181068
179068
178068
177068
176068
174068
173068
172068
171068
169068
168068
167068
166068
164068
163068
162068
161068
159068
158068
157068
156068
154068
153068
152068
151068
149068
148068
147068
146068
144068
143068
142068
141068
139068
138068
137068
136068
134068
133068
132068
131068
129068
128068
127068
126069
124071
124072
124073
124074
124076
124077
124078
124079
124081
124082
124083
124084
124086
124087
124088
125089
127091
128092
129092
130092
132092
133092
134092
135092
137092
138092
139092
140092
142092
143092
144092
145093
147095
148096
148097
148098
148100
148101
148102
148103
148105
148106
148107
148108
148110
148111
148112
148113
148115
148116
148117
148118
148120
148121
148122
148123
148125
148126
148127
148128
148130
148131
148132
148133
148135
148136
148137
148138
148140
148141
148142
148143
148145
148146
148147
148148
148150
148151
148152
148153
148155
148156
148157
148158
148160
147161
146162
145163
143164
142164
141164
140164
138164
137164
136164
135164
133164
132164
131164
130164
128164
127164
126165
125166
124168
124169
124170
124171
124173
124174
124175
124176
124178
124179
124180
124181
124183
124184
124185
124186
124188
124189
124190
124191
124193
124194
124195
124196
124198
124199
124200
124201
124203
124204
124205
124206
124208
124209
124210
124211
124213
124214
124215
124216
124218
124219
124220
124221
124223
124224
124225
124226
124228
124229
124230
124231
124233
124234
124235
124236
124238
124239
124240
124241
124243
124244
124245
124246
124248
124249
124250
124251
124253
124254
124255
124000
124002
124003
124004
124005
124007
124008
124009
124010
124012
124013
124014
124015
124017
124018
124019
124020
124022
124023
124024
124025
124027
124028
124029
124030
124032
124033
124034
124035
124037
124038
124039
124040
124042
124043
124044
124045
124047
124048
124049
124050
124052
124053
124054
124055
124057
124058
124059
124060
124062
124063
124064
125065
127067
128068
129068
130068
132068
133068
134068
135068
137068
138068
139068
140068
142068
143068
144068
145068
147068
148068
149068
150068
152068
153068
154068
155068
157068
158068
159068
160068
162068
163068
164068
165068
167068
168068
169069
170070
172072
172073
172074
172075
172077
172078
172079
172080
172082
172083
172084
172085
172087
172088
171089
170090
168092
167092
166092
165092
163092
162092
161092
160092
158092
157092
156092
155092
153092
152092
151092
150092
148092
147092
146092
145092
143092
142092
141092
140092
138092
137092
136092
135092
133092
132092
131092
130092
128092
127092
126092
125092
123092
122092
121092
120092
118092
117092
116092
115092
113092
112092
111092
110092
108092
107092
106092
105092
103092
102093
101094
100095
100097
100098
100099
100100
100102
100103
100104
100105
100107
100108
100109
100110
100112
100113
100114
100115
100117
100118
100119
100120
100122
100123
100124
100125
100127
100128
100129
100130
100132
100133
100134
100135
100137
100138
100139
100140
100142
100143
100144
100145
100147
100148
100149
100150
100152
100153
100154
100155
100157
100158
100159
100160
102162
103163
104164
105164
107164
108164
109164
110164
112164
113164
114164
115164
117164
118164
119164
120164
122164
123164
124164
125164
127164
128164
129164
130164
132164
133164
134164
135164
137164
138164
139164
140164
142164
143164
144164
145164
147164
148164
149164
150164
152164
153164
154164
155164
157164
158164
159164
160164
162164
163164
164164
165164
167164
168164
169165
170166
172168
172169
172170
172171
172173
172174
172175
172176
172178
172179
172180
172181
172183
172184
171185
170186
168188
167188
166188
165188
163188
162188
161188
160188
158188
157188
156188
155188
153188
152188
151188
150188
148188
147188
146188
145188
143188
142188
141188
140188
138188
137188
136188
135188
133188
132188
131188
130188
128188
127188
126189
125190
124192
124193
124194
124195
124197
124198
124199
124200
124202
124203
124204
124205
124207
124208
124209
124210
124212
124213
124214
124215
124217
124218
124219
124220
124222
124223
124224
124225
124227
124228
124229
124230
124232
124233
124234
124235
124237
124238
124239
124240
124242
124243
124244
124245
124247
124248
124249
124250
124252
124253
124254
124255
124001
124002
124003
124004
124006
124007
124008
124009
124011
124012
124013
124014
124016
124017
124018
124019
124021
124022
124023
124024
124026
124027
124028
124029
124031
124032
124033
124034
124036
124037
124038
124039
124041
124042
124043
124044
124046
124047
124048
124049
124051
124052
124053
124054
124056
124057
124058
124059
124061
124062
124063
124064
124066
124067
124068
124069
124071
124072
124073
124074
124076
124077
124078
124079
124081
124082
124083
124084
124086
124087
124088
123089
121091
120092
119092
118092
116092
115092
114092
113092
111092
110092
109092
108092
106092
105092
104092
103092
101094
100095
100096
100097
100099
100100
100101
100102
100104
100105
100106
100107
100109
100110
100111
100112
100114
100115
100116
100117
100119
100120
100121
100122
100124
100125
100126
100127
100129
100130
100131
100132
100134
100135
100136
100137
100139
100140
100141
100142
100144
100145
100146
100147
100149
100150
100151
100152
100154
100155
100156
100157
100159
100160
101161
102162
104164
105164
106164
107164
109164
110164
111164
112164
114164
115164
116164
117164
119164
120164
121164
122164
124164
125164
126164
127164
129164
130164
131164
132164
134164
135164
136164
137164
139164
140164
141164
142164
144164
145164
146164
147164
149164
150164
151164
152164
154164
155164
156164
157164
159164
160164
161164
162164
164164
165164
166164
167164
169165
170166
171167
172168
172170
172171
172172
172173
172175
172176
172177
172178
172180
172181
172182
172183
171185
170186
169187
168188
166188
165188
164188
163188
161188
160188
159188
158188
156188
155188
154188
153188
151188
150188
149188
148188
146188
145188
144188
143188
141188
140188
139188
138188
136188
135188
134188
133188
131188
130188
129188
128188
126189
125190
124191
124192
124194
124195
124196
124197
124199
124200
124201
124202
124204
124205
124206
124207
124209
124210
124211
124212
124214
124215
124216
124217
124219
124220
124221
124222
124224
124225
124226
124227
124229
124230
124231
124232
124234
124235
124236
124237
124239
124240
124241
124242
124244
124245
124246
124247
124249
124250
124251
124252
124254
124255
124000
124001
124003
124004
124005
124006
124008
124009
124010
124011
124013
124014
124015
124016
124018
124019
124020
124021
124023
124024
124025
124026
124028
124029
124030
124031
124033
124034
124035
124036
124038
124039
124040
124041
124043
124044
124045
124046
124048
124049
124050
124051
124053
124054
124055
124056
124058
124059
124060
124061
124063
124064
125065
126066
128068
129068
130068
131068
133068
134068
135068
136068
138068
139068
140068
141068
143068
144068
145068
146068
148068
149068
150068
151068
153068
154068
155068
156068
158068
159068
160068
161068
163068
164068
165068
166068
168068
169068
170068
171068
173068
174068
175068
176068
178068
179068
180068
181068
183068
184068
185068
186068
188068
189068
190068
191068
193068
194068
195068
196068
198068
199068
200068
201068
203068
204068
205068
206068
208068
209068
210068
211068
213068
214068
215068
216068
218066
219065
220064
220063
220061
220060
220059
220058
220056
220055
220054
220053
220051
220050
220049
220048
220046
220045
220044
220043
220041
220040
220039
220038
220036
220035
220034
220033
220031
221030
222029
223028
225028
226028
227028
228028
230028
231028
232028
233028
235028
236028
237028
238028
240028
241029
242030
243031
244033
244034
244035
244036
244038
244039
244040
244041
244043
244044
244045
244046
244048
244049
244050
244051
244053
244054
244055
244056
244058
244059
244060
244061
244063
244064
244065
244066
244068
244069
244070
244071
244073
244074
244075
244076
244078
244079
244080
244081
244083
244084
244085
244086
244088
244089
244090
244091
244093
244094
244095
244096
244098
244099
244100
244101
244103
244104
244105
244106
244108
244109
244110
244111
244113
244114
244115
244116
244118
244119
244120
244121
244123
244124
244125
244126
244128
244129
244130
244131
244133
244134
244135
244136
244138
244139
244140
244141
244143
244144
244145
244146
244148
244149
244150
244151
244153
244154
244155
244156
244158
244159
244160
244161
244163
244164
244165
244166
244168
244169
244170
244171
244173
244174
244175
244176
244178
244179
244180
244181
244183
244184
244185
244186
244188
244189
244190
244191
244193
244194
244195
244196
244198
244199
244200
244201
244203
244204
244205
244206
244208
244209
244210
244211
244213
244214
244215
244216
244218
244219
244220
244221
244223
244224
243225
242226
240228
239228
238228
237228
235228
234228
233228
232228
230228
229228
228228
227228
225228
224228
223228
222227
220225
220224
220223
220222
220220
220219
220218
220217
220215
220214
220213
220212
220210
220209
220208
220207
220205
220204
220203
220202
220200
220199
220198
220197
220195
220194
220193
220192
219190
218189
217188
216188
214188
213188
212188
211188
209188
208188
207188
206188
204188
203188
202188
201188
199188
198188
197188
196188
194188
193188
192188
191188
189188
188188
187188
186188
184188
183188
182188
181188
179188
178188
177188
176188
174188
173188
172188
171188
169188
168188
167188
166188
164188
163188
162188
161188
159188
158188
157188
156188
154188
153188
152188
151188
149188
148188
147188
146188
144188
143188
142188
141188
139188
138188
137188
136188
134188
133188
132188
131188
129188
128188
127188
126188
124188
123188
122188
121188
119188
119188
118188
117188
116188
114188
113188
112188
111188
111188
109188
108188
107188
106188
104188
103188
103188
102188
101188
099188
098188
097188
096188
095188
094188
093188
092188
091188
089188
088188
087188
087188
086188
084188
083188
082188
081188
079188
079188
078188
077188
076188
074188
073188
072188
071188
071188
069188
068188
067188
066188
064188
063188
063188
062188
061188
059188
058188
057188
056188
055188
054188
053188
052188
051188
049188
048188
047188
047188
046188
044188
043188
042188
041188
039188
039188
038188
037188
036188
034188
033188
032188
031188
031188
029188
028188
027188
026188
024188
023188
REMARK:Wait here for a moment until the ghosts get closer. then munch them.\nThen finish of the board freestyle
023188
022189
021190
020192
020192
020193
020194
020195
020197
020198
020199
020200
020200
020202
020203
020204
020205
020207
020208
020208
020209
020210
020212
020213
020214
020215
020216
020217
020218
020219
020220
020222
020223
020224
020224
######
020225
