196128
196128
196128
196128
196128
196128
196128
196128
196128
196128
196128
196128
196128
196128
196128
196128
196128
196128
196128
196128
196128
196128
196128
196128
196128
196128
196128
196128
196128
196128
196128
196128
196128
196128
196128
196128
196128
196128
196128
196128
196128
196128
196128
196128
196128
196128
196128
196128
196128
196128
196128
196128
196128
196128
196128
196128
196128
196126
196125
196124
196123
196121
196120
196119
196119
196118
196116
196115
196114
196113
196111
196111
196110
196109
196108
196106
196105
196104
196103
196103
196101
196100
196099
196098
196096
196095
196095
196094
196093
196091
196090
196089
196088
196087
196086
196085
196084
196083
196081
196080
196079
196079
196078
196076
196075
196074
196073
196071
196071
197070
198069
199068
200068
201068
202068
203068
204068
206068
207068
208068
208068
209068
211068
212068
213068
214068
216068
216068
217067
218066
219065
220063
220063
220062
220061
220060
220058
220057
220056
220055
220055
220053
220052
220051
220050
220048
220047
220047
220046
220045
220043
220042
220041
220040
220039
220038
220037
220036
220035
220033
220032
220031
220031
221030
223028
224028
224028
225028
226028
228028
229028
230028
231028
232028
233028
234028
235028
236028
238028
239028
240028
240028
241029
243031
244032
244032
244033
244034
244036
244037
244038
244039
244040
244041
244042
244043
244044
244046
244047
244048
244048
244049
244051
244052
244053
244054
244056
244056
244057
244058
244059
244061
244062
244063
244064
244064
244066
244067
244068
244069
244071
244072
244072
244073
244074
244076
244077
244078
244079
244080
244081
244082
244083
244084
244086
244087
244088
244088
244089
244091
244092
244093
244094
244096
244096
244097
244098
244099
244101
244102
244103
244104
244104
244106
244107
244108
244109
244111
244112
244112
244113
244114
244116
244117
244118
244119
244120
244121
244122
244123
244124
244126
244127
244128
244128
244129
244131
244132
244133
244134
244136
244136
243137
242138
241139
239140
239140
238140
237140
236140
234140
233140
232140
231140
231140
229140
228140
227140
226140
224140
223140
223140
222141
221142
220144
220144
220145
220146
220147
220149
220150
220151
220152
220152
220154
220155
220156
220157
220159
220160
220160
219161
218162
216164
215164
215164
214164
213164
211164
210164
209164
208164
207164
206164
205164
204164
203164
201164
200164
199164
199164
198163
196161
196160
196159
196159
196158
196156
196155
196154
196153
196151
196151
196150
196149
196148
196146
196145
196144
196143
196143
194141
193140
192140
191140
191140
189140
188140
187140
186140
184140
183140
183140
182140
181140
179140
178140
177140
176140
175140
174141
173142
172143
172144
172144
172146
172147
172148
172149
172151
172152
172152
172153
172154
172156
172157
172158
172159
172160
172161
172162
172163
172164
172166
172167
172168
172168
172169
172171
172172
172173
172174
172176
172176
172177
172178
172179
172181
172182
172183
172184
172184
170186
169187
168188
167188
167188
165188
164188
163188
162188
160188
159188
159188
158188
157188
155188
154188
153188
152188
151188
150188
149188
148188
147188
145188
144188
143188
143188
142188
140188
139188
138188
137188
135188
135188
134188
133188
132188
130188
129188
128188
127188
127188
125186
124185
124184
124183
124181
124180
124179
124178
124176
124175
124174
124173
124171
124170
124169
124168
123166
122165
121164
120164
118164
117164
116164
115164
113164
112164
111164
110164
108164
107164
106164
105164
103164
102163
101162
100161
100159
100158
100157
100156
100154
100153
100152
100151
100149
100148
100147
100146
100144
100143
099142
098141
096140
095140
094140
093140
091140
090140
089140
088140
086140
085140
084140
083140
081140
080140
079140
079140
078141
076143
076144
076144
076145
076146
076148
076149
076150
076151
076152
076153
076154
076155
076156
076158
076159
076160
076160
075161
073163
072164
071164
071164
070164
068164
067164
066164
065164
063164
063164
062164
061164
060164
058164
057164
056164
055164
055164
053162
052161
052160
052159
052159
052157
052156
052155
052154
052152
052151
052151
052150
052149
052147
052146
052145
052144
052143
052142
052141
052140
052139
052137
052136
052135
052135
052134
052132
052131
052130
052129
052127
052127
052126
052125
052124
052122
052121
052120
052119
052119
052117
052116
052115
052114
052112
052111
052111
052110
052109
052107
052106
052105
052104
052103
052102
052101
052100
052099
052097
052096
052095
052095
053094
055092
056092
056092
057092
058092
060092
061092
062092
063092
064092
065092
066092
067092
068092
070092
071092
072092
072092
073093
075095
076096
076096
076097
076098
076100
076101
076102
076103
076104
076105
076106
076107
076108
076110
076111
076112
076112
077113
079115
080116
081116
082116
084116
085116
086116
087116
089116
090116
091116
092116
094116
095116
096116
097115
099113
100112
100111
100110
100108
100107
100106
100105
100103
100102
100101
100100
100098
100097
100096
100095
102093
103092
104092
105092
107092
108092
109092
110092
112092
113092
114092
115092
117092
118092
119092
120092
122092
123092
124092
125092
127092
128092
129092
130092
132092
133092
134092
135092
137092
138092
139092
140092
142092
143092
144092
145093
147095
148096
148097
148098
148100
148101
148102
148103
148105
148106
148107
148108
148110
148111
148112
148113
148115
148116
148117
148118
148120
148121
148122
148123
148125
148126
148127
148128
148130
148131
148132
148133
148135
148136
148137
148138
148140
148141
148142
148143
148145
148146
148147
148148
148150
148151
148152
148153
148155
148156
148157
148158
148160
149161
150162
151163
153164
154164
155164
156164
158164
159164
160164
161164
163164
164164
165164
166164
168164
169165
170166
171167
172169
172170
172171
172172
172174
172175
172176
172177
172179
172180
172181
172182
172184
173185
174186
175187
176188
177188
178188
179188
180188
182188
183188
184188
184188
185188
187188
188188
189188
190188
192188
192188
193188
194188
195188
197188
198188
199188
200188
200188
202188
203188
204188
205188
207188
208188
208188
209188
210188
212188
213188
214188
215188
216188
217189
218190
219191
220192
220192
220194
220195
220196
220197
220199
220200
220200
220201
220202
220204
220205
220206
220207
220208
220209
220210
220211
220212
220214
220215
220216
220216
220217
220219
220220
220221
220222
220224
220224
221225
222226
223227
224228
225228
226228
227228
228228
230228
231228
232228
232228
233228
235228
236228
237228
238228
240228
240228
241227
242226
243225
244223
244223
244222
244221
244220
244218
244217
244216
244215
244215
244213
244212
244211
244210
244208
244207
244207
244206
244205
244203
244202
244201
244200
244199
244198
244197
244196
244195
244193
244192
244191
244191
244190
244188
244187
244186
244185
244183
244183
244182
244181
244180
244178
244177
244176
244175
244175
244173
244172
244171
244170
244168
244167
244167
244166
244165
244163
244162
244161
244160
244159
244158
244157
244156
244155
244153
244152
244151
244151
244150
244148
244147
244146
244145
244143
244142
244141
244140
244138
244137
244136
244135
244133
244132
244131
244130
244128
244127
244126
244125
244123
244122
244121
244120
243118
242117
241116
240116
239116
238116
237116
236116
235116
233116
232116
231116
231116
230116
228116
227116
226116
225116
223116
223116
222115
221114
220113
220111
220111
220110
220109
220108
220106
220105
220104
220103
220103
220101
220100
220099
220098
220096
220095
220095
219094
218093
216092
215092
215092
214092
213092
211092
210092
209092
208092
207092
206092
205092
204092
203092
201092
200092
199092
198091
196089
196088
196087
196086
196084
196083
196082
196081
196079
196078
196077
196076
196074
196073
196072
196071
194069
193068
192068
191068
191068
189068
188068
187068
186068
184068
183068
183068
182068
181068
179068
178068
177068
176068
175068
174068
173068
172068
171068
169068
168068
167068
167068
166068
164068
163068
162068
161068
159068
159068
158068
157068
156068
154068
153068
152068
151068
151068
149068
148068
147068
146068
144068
143068
143068
142068
141068
139068
138068
137068
136068
135068
134068
133068
132068
131068
129068
128068
127068
127068
126068
124068
123068
122068
121068
119068
119068
118068
117068
116068
114068
113068
112068
111068
111068
109068
108068
107068
106068
104068
103068
103068
102068
101068
099068
098068
097068
096068
095068
094068
093068
092068
091068
089068
088068
087068
087068
086068
084068
083068
082068
081068
079068
079068
078068
077068
076068
074068
073068
072068
071068
071068
069068
068068
067068
066068
064068
063068
063068
062068
061068
059068
058068
057068
056068
055068
054069
053070
052071
052072
052072
052074
052075
052076
052077
052079
052080
052080
052081
052082
052084
052085
052086
052087
052089
052090
052091
052092
052094
052095
052096
052097
052099
052100
052101
052102
052104
052105
052106
052107
052109
052110
052111
052112
052114
052115
052116
052117
052119
052120
052121
052122
052124
052125
052126
052127
052129
052130
052131
052132
052134
052135
052136
052137
052139
052140
052141
052142
052144
052145
052146
052147
052149
052150
052151
052152
052154
052155
052156
052157
052159
052160
052161
052162
052164
052165
052166
052167
052168
052169
052170
052171
052172
052174
052175
052176
052176
052177
052179
052180
052181
052182
052184
052184
053185
054186
055187
056188
057188
058188
059188
060188
062188
063188
064188
064188
065188
067188
068188
069188
070188
072188
072188
073188
074188
075188
077188
078188
079188
080188
080188
082188
083188
084188
085188
087188
088188
088188
089188
090188
092188
093188
094188
095188
096188
097188
098188
099188
100188
102188
103188
104188
104188
105188
107188
108188
109188
110188
112188
112188
113188
114188
115188
117188
118188
119188
120188
122188
123188
124188
125188
127188
128188
129188
130188
132188
133188
134188
135188
137188
138188
139188
140188
142188
143188
144188
145188
147188
148188
149188
150188
152188
153188
154188
155188
157188
158188
159188
160188
162188
163188
164188
165188
167188
168188
169188
170188
172188
173188
174188
175188
177188
178188
179188
180188
182188
183188
184188
185188
187188
188188
189188
190188
192188
193187
194186
195185
196183
196183
196182
196181
196180
196178
196177
196176
196175
196175
196173
196172
196171
196170
196168
196167
196166
196165
196163
196162
196161
196160
196158
196157
196156
196155
196153
196152
196151
196150
196148
196147
196146
196145
196143
196142
196141
196140
196138
196137
196136
196135
196133
196132
196131
196130
196128
196127
196126
196125
196123
196122
196121
196120
195118
194117
193116
192116
191116
190116
189116
188116
187116
185116
184116
183116
183116
182116
180116
179116
178116
177116
175116
175116
174115
173114
172113
172111
172111
172110
172109
172108
172106
172105
172104
172103
172103
172101
172100
172099
172098
172096
172095
172095
172094
172093
172091
172090
172089
172088
172087
172086
172085
172084
172083
172081
172080
172079
172079
172078
172076
172075
172074
172073
172071
171070
170069
169068
167068
166068
165068
164068
162068
161068
160068
159068
157068
156068
155068
154068
152068
151068
150068
149068
147068
146068
145068
144068
142068
141068
140068
139068
137068
136068
135068
134068
132068
131068
130068
129068
127068
126068
125068
124068
122068
121068
120068
119068
117068
116068
115068
114068
112068
111068
110068
109068
107068
106068
105068
104068
102068
101068
100068
099068
097068
096068
095068
094068
092068
091068
090068
089068
087068
086068
085068
084068
082068
081068
080068
079068
077066
076065
076064
076063
076063
076061
076060
076059
076058
076056
076055
076055
076054
076053
076051
076050
076049
076048
076047
076046
076045
076044
076043
076041
076040
076039
076039
076038
076036
076035
076034
076033
076031
076031
075030
074029
073028
071028
071028
070028
069028
068028
066028
065028
064028
063028
063028
061028
060028
059028
058028
056028
055028
055028
054029
053030
052032
052032
052033
052034
052035
052037
052038
052039
052040
052040
052042
052043
052044
052045
052047
052048
052048
052049
052050
052052
052053
052054
052055
052056
052057
052058
052059
052060
052062
052063
052064
051065
049067
048068
047068
047068
046068
044068
043068
042068
041068
039068
039068
038068
037068
036068
034068
033068
032068
031068
031068
029068
028068
027068
026068
024068
023068
023068
022069
021070
020072
020072
020073
020074
020075
020077
020078
020079
020080
020080
020082
020083
020084
020085
020087
020088
020088
020089
020090
020092
020093
020094
020095
020096
020097
020098
020099
020100
020102
020103
020104
020104
020105
020107
020108
020109
020110
020112
020112
021113
022114
023115
024116
025116
026116
027116
028116
030116
031116
032116
032116
033116
035116
036116
037116
038116
040116
040116
041116
042116
043116
045116
046116
047116
048116
050118
051119
052120
052121
052123
052124
052125
052126
052128
052129
052130
052131
052133
052134
052135
052136
050138
049139
048140
047140
047140
045140
044140
043140
042140
040140
039140
039140
038140
037140
035140
034140
033140
032140
031140
030140
029140
028140
027140
025140
024140
023140
023140
022141
020143
020144
020144
020145
020146
020148
020149
020150
020151
020152
020153
020154
020155
020156
020158
020159
020160
020160
020161
020163
020164
020165
020166
020168
020168
020169
020170
020171
020173
020174
020175
020176
020176
020178
020179
020180
020181
020183
020184
020184
021185
022186
024188
024188
025188
026188
027188
029188
030188
031188
032188
032188
034188
035188
036188
037188
039188
040188
040188
041188
042188
044188
045188
046188
047188
049188
050188
051188
052188
054188
055188
056188
057188
059188
060188
061188
062188
064188
065188
066188
067188
069188
070188
071188
072188
074188
075188
076188
077188
079188
080188
081188
082188
084188
085188
086188
087188
089188
090188
091188
092188
094188
095188
096188
097188
099188
100188
101188
102188
104188
105188
106188
107188
109188
110188
111188
112188
114188
115188
116188
117188
119188
120188
121187
122186
124184
124183
124182
124181
124179
124178
124177
124176
124174
124173
124172
124171
124169
124168
124167
125166
127164
128164
129164
130164
132164
133164
134164
135164
137164
138164
139164
140164
142164
143164
144164
145163
147161
148160
148159
148158
148156
148155
148154
148153
148151
148150
148149
148148
148146
148145
148144
148143
148141
148140
148139
148138
148136
148135
148134
148133
148131
148130
148129
148128
148126
148125
148124
148123
148121
148120
148119
148118
148116
148115
148114
148113
148111
148110
148109
148108
148106
148105
148104
148103
148101
148100
148099
148098
148096
148095
147094
146093
144092
143092
142092
141092
139092
138092
137092
136092
134092
133092
132092
131092
129092
128092
127092
126091
124089
124088
124087
124086
124084
124083
124082
124081
124079
124078
124077
124076
124074
124073
124072
124071
124069
124068
124067
124066
124064
124063
124062
124061
124059
124058
124057
124056
124054
124053
124052
124051
124049
124048
124047
124046
124044
124043
124042
124041
124039
124038
124037
124036
124034
124033
124032
124031
124029
124028
124027
124026
124024
124023
124022
124021
124019
124018
124017
124016
124014
124013
124012
124011
124009
124008
124007
124006
124004
124003
124002
124001
124255
124254
124253
124252
124250
124249
124248
124247
124245
124244
124243
124242
124240
124239
124238
124237
124235
124234
124233
124232
124230
124229
124228
124227
124225
124224
124223
124222
124220
124219
124218
124217
124215
124214
124213
124212
124210
124209
124208
124207
124205
124204
124203
124202
124200
124199
124198
124197
124195
124194
124193
124192
123190
122189
121188
120188
118188
117188
116188
115188
113188
112188
111188
110188
108188
107188
106188
105188
103188
102188
101188
100188
098188
097188
096188
095188
093188
092188
091188
090188
088188
087188
086188
085188
083188
082188
081188
080188
078189
077190
076191
076192
076192
076194
076195
076196
076197
076199
076200
076200
076201
076202
076204
076205
076206
076207
076208
076209
076210
076211
076212
076214
076215
076216
076216
076217
076219
076220
076221
076222
076224
076224
075225
074226
073227
071228
071228
070228
069228
068228
066228
065228
064228
063228
063228
061228
060228
059228
058228
056228
055228
055228
054228
053228
051228
050228
049228
048228
047228
046228
045228
044228
043228
041228
040228
039228
039228
039228
039228
038228
037228
036228
034228
033228
032228
031228
031228
029228
028228
027228
026228
024228
023228
023228
022227
021226
020224
020223
020223
020222
020221
020219
020218
020217
020216
020215
020214
020213
020212
020211
020209
020208
020207
020207
020206
020204
020203
020202
020201
020199
020199
020198
020197
020196
020194
020193
020192
020191
022189
023188
024188
025188
027188
028188
029188
030188
032188
033188
034188
035188
037188
038188
039188
040188
042188
043188
044188
045188
047188
048188
049189
050190
052192
052192
052193
052194
052195
052197
052198
052199
052200
052200
052202
052203
052204
052205
052207
052208
052208
052209
052210
052212
052213
052214
052215
052216
052217
052218
052219
052220
052222
052223
052224
053225
055227
056228
057228
058228
060228
061228
062228
063228
065228
066228
067228
068228
070228
071228
072228
073227
075225
076224
076223
076222
076220
076219
076218
076217
076215
076214
076213
076212
076210
076209
076208
076207
076205
076204
076203
076202
076200
076199
076198
076197
076195
076194
076193
076192
075190
074189
073188
072188
070188
069188
068188
067188
065188
064188
063188
062188
060188
059188
058188
057188
055188
054187
053186
052185
052183
052182
052181
052180
052178
052177
052176
052175
052173
052172
052171
052170
052168
052167
052166
052165
052163
052162
052161
052160
052158
052157
052156
052155
052153
052152
052151
052150
052148
052147
052146
052145
052143
052142
052141
052140
052138
052137
052136
052135
052133
052132
052131
052130
052128
052127
052126
052125
052123
052122
052121
052120
051118
050117
049116
048116
046116
045116
044116
043116
041116
040116
039116
038116
036116
035116
034116
033116
031116
030116
029116
028116
026116
025116
024116
023116
021114
020113
020112
020111
020109
020108
020107
020106
020104
020103
020102
020101
020099
020098
020097
020096
020094
020093
020092
020091
020089
020088
020087
020086
020084
020083
020082
020081
020079
020078
020077
020076
020074
020073
020072
020071
020069
020068
020067
020066
020064
020063
020063
020062
020061
020059
020058
020057
020056
020055
020054
020053
020052
020051
020049
020048
020047
020047
020046
020044
020043
020042
020041
020039
020039
020038
020037
020036
020034
020033
020032
020031
020031
022029
023028
024028
024028
025028
027028
028028
029028
030028
032028
032028
032028
032028
032028
033028
035028
036028
037028
038028
040028
040028
041028
042028
043028
045028
046028
047028
048028
050028
051028
052028
053028
055028
056028
057028
058028
060028
061028
062028
063028
065028
066028
067028
068028
070028
071028
072028
073029
075031
076032
076033
076034
076036
076037
076038
076039
076041
076042
076043
076044
076046
076047
076048
076049
076051
076052
076053
076054
076056
076057
076058
076059
076061
076062
076063
076064
078066
079067
080068
081068
083068
084068
085068
086068
088068
089068
090068
091068
093068
094068
095068
096068
098068
099068
100068
101068
103068
104068
105068
106068
108068
109068
110068
111068
113068
114068
115068
116068
118068
119068
120068
121068
123068
124068
125068
126068
128068
129068
130068
131068
133068
134068
135068
136068
138068
139068
140068
141068
143068
144068
145068
146068
148068
149068
150068
151068
153068
154068
155068
156068
158068
159068
160068
161068
163068
164068
165068
166068
168068
169067
170066
171065
172063
172063
172062
172061
172060
172058
172057
172056
172055
172055
172053
172052
172051
172050
172048
172047
172047
172046
172045
172043
172042
172041
172040
172039
172038
172037
172036
172035
172033
172032
172031
172031
173030
175028
176028
176028
177028
178028
180028
181028
182028
183028
184028
185028
186028
187028
188028
190028
191028
192028
192028
192028
192028
193029
194030
195031
196032
196033
196034
196035
196036
196038
196039
196040
196040
197041
199043
200044
200044
201044
202044
204044
205044
206044
207044
208044
209044
210044
211044
212044
214044
215044
216044
217043
219041
220040
220039
220038
220036
220035
220034
220033
220031
221030
222029
223028
225028
226028
227028
228028
230028
231028
232028
233028
235028
236028
237028
238028
240028
241029
242030
243031
244033
244034
244035
244036
244038
244039
244040
244041
244043
244044
244045
244046
244048
244049
244050
244051
244053
244054
244055
244056
244058
244059
244060
244061
244063
244064
244065
244066
244068
244069
244070
244071
244073
244074
244075
244076
244078
244079
244080
244081
244083
244084
244085
244086
244088
244089
244090
244091
244093
244094
244095
244096
244098
244099
244100
244101
244103
244104
244105
244106
244108
244109
244110
244111
244113
244114
244115
244116
244118
244119
244120
244121
244123
244124
244125
244126
244128
244129
244130
244131
244133
244134
244135
244136
244138
244139
244140
244141
244143
244144
244145
244146
244148
244149
244150
244151
244153
244154
244155
244156
244158
244159
244160
244161
244163
244164
244165
244166
244168
244169
244170
244171
244173
244174
244175
244176
244178
244179
244180
244181
244183
244184
244185
244186
244188
244189
244190
244191
244193
244194
244195
244196
244198
244199
244200
244201
244203
244204
244205
244206
244208
244209
244210
244211
244213
244214
244215
244216
244218
244219
244220
244221
244223
244224
243225
242226
240228
239228
238228
237228
235228
234228
233228
232228
230228
229228
228228
227228
225228
224228
223228
222227
220225
220224
220223
220222
220220
220219
220218
220217
220215
219214
218213
217212
215212
215212
214212
213212
212212
210212
209212
208212
207212
207212
205212
204212
203212
202212
200212
199212
199212
198213
197214
196216
196216
196217
196218
196219
196221
196222
196223
196224
196224
196224
196224
195225
194226
193227
191228
191228
190228
189228
188228
186228
185228
184228
183228
183228
181228
180228
179228
178228
176228
175228
175228
174227
173226
172224
172223
172223
172222
172221
172219
172218
172217
172216
172215
172214
172213
172212
172211
172209
172208
172207
172207
172206
172204
172203
172202
172201
172199
172199
172199
172199
172199
172199
172199
172199
172199
172199
172199
172199
172199
172199
172199
172199
172199
172199
172199
172199
172199
172199
172199
172199
172199
172199
172199
172199
172199
172199
172199
172199
172199
172199
172199
172199
172199
172199
172199
172199
172199
172199
172199
172199
172199
172199
172199
172199
172199
172199
172199
172199
172199
172199
172199
172199
172199
172199
172199
172199
172199
172199
172199
172199
172199
172199
172199
172199
172199
172199
172199
172199
172199
172199
172199
172199
172199
172199
172199
172199
172199
172199
172199
172199
172199
172199
172199
172199
172199
172199
172199
172199
172199
172199
172199
172199
172199
172199
172199
172199
172199
172199
172199
172199
172199
172199
172199
172199
172199
172199
172199
172199
172199
172199
172199
172199
172199
172199
172199
172199
172199
172199
172199
172199
172199
172199
172199
172199
172199
172199
172199
172199
172199
172199
172199
172199
172199
172199
172199
172199
172199
172199
172199
172199
172199
172199
172199
172199
172199
172199
172199
172199
172199
172199
172199
172199
172199
172199
172199
172199
172199
172199
172199
172199
172199
172199
172199
172199
172199
172199
172199
172199
172199
172199
172199
172199
172199
172199
172199
172199
172199
172199
172199
172199
172199
172199
172199
172199
172199
172199
172199
172199
172199
172199
172199
172199
172199
172199
172199
172199
172199
172199
172199
172199
172199
172199
172199
172199
172199
172199
172199
172199
172199
172199
172199
172199
172199
172199
