196128
196128
196128
196128
196128
196128
196128
196128
196128
196128
196128
196128
196128
196128
196128
196128
196128
196128
196128
196128
196128
196128
196128
196128
196128
196128
196128
196128
196128
196128
196128
196128
196128
196128
196128
196128
196128
196128
196128
196128
196128
196128
196128
196128
196128
196128
196128
196128
196128
196128
196128
196128
196128
196128
196128
196128
196128
196128
196128
196128
196128
196128
196128
196128
196128
196128
196128
196128
196128
196128
196128
196128
196128
196128
196128
196128
196128
196128
196128
196128
196128
196128
196128
196128
196128
196128
196128
196128
196128
196128
196128
196128
196128
196128
196128
196128
196128
196128
196128
196128
196128
196128
196128
196128
196128
196128
196128
196128
196128
196128
196128
196128
196128
196128
196128
196128
196128
196128
196128
196129
196130
196131
196132
196133
196134
196135
196136
196136
196137
196138
196139
196140
196141
196142
196143
196144
196144
196145
196146
196147
196148
196149
196150
196151
196152
196152
196153
196154
196155
196156
196157
196158
196159
196160
196160
196161
196162
196163
196164
196165
196166
196167
196168
196168
196169
196170
196171
196172
196173
196174
196175
196176
196176
196177
196178
196179
196180
196181
196182
196183
196184
196184
197185
198186
199187
200188
200188
201188
202188
203188
204188
205188
206188
207188
208188
208188
209188
210188
211188
212188
213188
214188
215188
216188
216188
217189
218190
219191
220192
220192
220193
220194
220195
220196
220197
220198
220199
220200
220200
220201
220202
220203
220204
220205
220206
220207
220208
220208
220209
220210
220211
220212
220213
220214
220215
220216
220216
220217
220218
220219
220220
220221
220222
220223
220224
220224
221225
222226
223227
224228
224228
225228
226228
227228
228228
229228
230228
231228
232228
232228
233228
234228
235228
236228
237228
238228
239228
240228
240228
241227
242226
243225
244224
244223
244223
244222
244221
244220
244219
244218
244217
244216
244215
244215
244214
244213
244212
244211
244210
244209
244208
244207
244207
244206
244205
244204
244203
244202
244201
244200
244199
244199
244198
244197
244196
244195
244194
244193
244192
244191
244191
244190
244189
244188
244187
244186
244185
244184
244183
244183
244182
244181
244180
244179
244178
244177
244176
244175
244175
244174
244173
244172
244171
244170
244169
244168
244167
244167
244166
244165
244164
244163
244162
244161
244160
244159
244159
244158
244157
244156
244155
244154
244153
244152
244151
244151
244150
244149
244148
244147
244146
244145
244144
244143
244143
244142
244141
244140
244139
244138
244137
244136
244135
244135
244134
244133
244132
244131
244130
244129
244128
244127
244127
244126
244125
244124
244123
244122
244121
244120
244119
244119
244118
244117
244116
244115
244114
244113
244112
244111
244111
244110
244109
244108
244107
244106
244105
244104
244103
244103
244102
244101
244100
244099
244098
244097
244096
244095
244095
244094
244093
244092
244091
244090
244089
244088
244087
244087
244086
244085
244084
244083
244082
244081
244080
244079
244079
244078
244077
244076
244075
244074
244073
244072
244071
244071
244070
244069
244068
244067
244066
244065
244064
244063
244063
244062
244061
244060
244059
244058
244057
244056
244055
244055
244054
244053
244052
244051
244050
244049
244048
244047
244047
244046
244045
244044
244043
244042
244041
244040
244039
244039
244038
244037
244036
244035
244034
244033
244032
244031
244031
243030
242029
241028
240028
239028
239028
238028
237028
236028
235028
234028
233028
232028
231028
231028
230028
229028
228028
227028
226028
225028
224028
223028
223028
222029
221030
220031
220032
220032
220033
220034
220035
220036
220037
220038
220039
220040
220040
220041
220042
220043
220044
220045
220046
220047
220048
220048
220049
220050
220051
220052
220053
220054
220055
220056
220056
220057
220058
220059
220060
220061
220062
220063
220064
220064
219065
218066
217067
216068
215068
215068
214068
213068
212068
211068
210068
209068
208068
207068
207068
206068
205068
204068
203068
202068
201068
200068
199068
199068
198068
197068
196068
195068
194068
193068
192068
191068
191068
190068
189068
188068
187068
186068
185068
184068
183068
183068
182068
181068
180068
179068
178068
177068
176068
175068
175068
174069
173070
172071
172072
172072
172073
172074
172075
172076
172077
172078
172079
172080
172080
172081
172082
172083
172084
172085
172086
172087
172088
172088
172089
172090
172091
172092
172093
172094
172095
172096
172096
172097
172098
172099
172100
172101
172102
172103
172104
172104
172105
172106
172107
172108
172109
172110
172111
172112
172112
173113
174114
175115
176116
176116
177116
178116
179116
180116
181116
182116
183116
184116
184116
185116
186116
187116
188116
189116
190116
191116
192116
192116
193115
194114
195113
196112
196111
196111
196110
196109
196108
196107
196106
196105
196104
196103
196103
196102
196101
196100
196099
196098
196097
196096
196095
196095
197094
198093
199092
200092
200092
201092
202092
203092
204092
205092
206092
207092
208092
208092
209092
210092
211092
212092
213092
214092
215092
216092
216092
217093
218094
219095
220096
220096
220097
220098
220099
220100
220101
220102
220103
220104
220104
220105
220106
220107
220108
220109
220110
220111
220112
220112
221113
222114
223115
224116
224116
225116
226116
227116
228116
229116
230116
231116
232116
232116
233116
234116
235116
236116
237116
238116
239116
240116
241117
242118
243119
244120
244121
244122
244123
244124
244125
244126
244127
244128
244129
244130
244131
244132
244133
244134
244135
244136
243137
242138
241139
240140
239140
239140
238140
237140
236140
235140
234140
233140
232140
231140
231140
230140
229140
228140
227140
226140
225140
224140
223140
223140
222141
221142
220143
220144
220144
220145
220146
220147
220148
220149
220150
220151
220152
220152
220153
220154
220155
220156
220157
220158
220159
220160
220160
219161
218162
217163
216164
215164
215164
214164
213164
212164
211164
210164
209164
208164
207164
207164
206164
205164
204164
203164
202164
201164
200164
199164
198163
197162
196161
196160
196159
196158
196157
196156
196155
196154
196153
196152
196151
196150
196149
196148
196147
196146
196145
196144
196143
195142
194141
193140
192140
191140
191140
190140
189140
188140
187140
186140
185140
184140
183140
183140
182140
181140
180140
179140
178140
177140
176140
175140
175140
174141
173142
172143
172144
172144
172145
172146
172147
172148
172149
172150
172151
172152
172152
172153
172154
172155
172156
172157
172158
172159
172160
172160
171161
170162
169163
168164
167164
166164
165164
164164
163164
162164
161164
160164
159164
158164
157164
156164
155164
154164
153164
152164
151164
150163
149162
148161
148160
148159
148158
148157
148156
148155
148154
148153
148152
148151
148150
148149
148148
148147
148146
148145
148144
148143
148142
148141
148140
148139
148138
148137
148136
148135
148134
148133
148132
148131
148130
148129
148128
148127
148126
148125
148124
148123
148122
148121
148120
148119
148118
148117
148116
148115
148114
148113
148112
148111
148110
148109
148108
148107
148106
148105
148104
148103
148102
148101
148100
148099
148098
148097
148096
148095
149094
150093
151092
152092
153092
154092
155092
156092
157092
158092
159092
160092
161092
162092
163092
164092
165092
166092
167092
168092
169093
170094
171095
172096
172097
172098
172099
172100
172101
172102
172103
172104
172105
172106
172107
172108
172109
172110
172111
172112
173113
174114
175115
176116
177116
178116
179116
180116
181116
182116
183116
184116
185116
186116
187116
188116
189116
190116
191116
192116
193115
194114
195113
196112
196111
196110
196109
196108
196107
196106
196105
196104
196103
196102
196101
196100
196099
196098
196097
196096
196095
196094
196093
196092
196091
196090
196089
196088
196087
196087
196086
196085
196084
196083
196082
196081
196080
196079
196079
196078
196077
196076
196075
196074
196073
196072
196071
195070
194069
193068
192068
191068
190068
189068
188068
187068
186068
185068
184068
183068
182068
181068
180068
179068
178068
177068
176068
175068
174067
173066
172065
172064
172063
172063
172062
172061
172060
172059
172058
172057
172056
172055
172055
172054
172053
172052
172051
172050
172049
172048
172047
172047
172046
172045
172044
172043
172042
172041
172040
172039
172039
172038
172037
172036
172035
172034
172033
172032
172031
172031
173030
174029
175028
176028
176028
177028
178028
179028
180028
181028
182028
183028
184028
184028
185028
186028
187028
188028
189028
190028
191028
192028
192028
192028
192028
193029
194030
195031
196032
196032
196034
196035
196036
196037
196038
196039
196040
196040
197041
199043
200044
200044
201044
202044
203044
204044
205044
206044
208044
208044
209044
210044
211044
212044
213044
214044
215044
REMARK:Push up until you see 800, then push left
217045
218046
219047
220048
220049
220050
220051
220052
220054
220055
220056
220057
220058
220059
220060
220061
220063
220064
219065
218066
217067
216068
215068
214068
212068
211068
210068
209068
208068
207068
206068
205068
203068
202068
201068
200068
199068
199068
199068
199068
199068
199068
199068
199068
199068
199068
199068
199068
199068
199068
199068
199068
199068
199068
199068
199068
199068
199068
199068
199068
199068
199068
199068
199068
199068
199068
199068
199068
199068
199068
199068
199068
199068
199068
199068
199068
199068
199068
199068
199068
199068
199068
199068
199068
199068
199068
199068
199068
199068
199068
199068
199068
199068
199068
199068
199068
199068
199068
199068
199068
199068
199068
199068
199068
199068
199068
199068
199068
199068
199068
199068
199068
199068
199068
199068
199068
199068
199068
199068
199068
199068
199068
199068
199068
199068
199068
199068
199068
199068
199068
199068
199068
199068
199068
199068
199068
199068
199068
199068
199068
199068
199068
199068
199068
199068
199068
199068
199068
199068
199068
199068
199068
199068
199068
199068
198068
197068
196068
195068
195068
195068
195068
195068
195068
195068
195068
195068
195068
195068
195068
195068
195068
195068
195068
195068
195068
195068
195068
195068
195068
195068
195068
195068
195068
195068
195068
195068
195068
195068
195068
195068
195068
195068
195068
195068
195068
195068
195068
195068
195068
195068
195068
195068
195068
195068
195068
195068
195068
195068
195068
195068
195068
195068
195068
195068
196069
196070
196071
196072
196073
196074
196075
196076
196078
196079
196080
196081
196082
196083
196084
196085
196087
196088
196089
196090
196091
196092
196093
196094
196096
196097
196098
196099
196100
196101
196102
196103
196105
196106
196107
196108
196109
196110
196111
196112
196114
196115
196116
196117
196118
196119
196120
196121
196123
196124
196125
196126
196127
196128
196129
196130
196132
196133
196134
196135
196136
196137
196138
196139
196141
196142
196143
196144
196145
196146
196147
196148
196150
196151
196152
196153
196154
196155
196156
196157
196159
196160
196161
196162
196163
196164
196165
196166
196168
196169
196170
196171
196172
196173
196174
196175
196177
196178
196179
196180
196181
196182
196183
196184
198186
199187
200188
201188
202188
203188
204188
205188
207188
208188
209188
210188
211188
212188
213188
214188
216188
217189
218190
219191
220192
220193
220194
220195
220197
220198
220199
220200
220201
220202
220203
220204
220206
220207
220208
220209
220210
220211
220212
220213
220215
220216
220217
220218
220219
220220
220221
220222
220224
221225
222226
223227
224228
225228
226228
227228
229228
230228
231228
232228
232228
232228
232228
232228
232228
232228
232228
232228
232228
232228
232228
232228
232228
232228
232228
232228
232228
232228
232228
232228
232228
232228
232228
232228
232228
232228
232228
232228
232228
232228
232228
232228
232228
232228
232228
232228
232228
232228
232228
232228
232228
232228
232228
232228
232228
232228
232228
232228
232228
232228
232228
232228
232228
232228
232228
232228
232228
232228
232228
234228
235228
236228
237228
238228
239228
240228
241227
243225
244224
244223
244222
244221
244220
244219
244218
244216
244215
244214
244213
244212
244211
244210
244209
244207
244206
244205
244204
244203
244202
244201
244200
244198
244197
244196
244195
244194
244193
244192
244191
244189
244188
244187
244186
244185
244184
244183
244182
244180
244179
244178
244177
244176
244175
244174
244173
244171
244170
244169
244168
244167
244166
244165
244164
244162
244161
244160
244159
244158
244157
244156
244155
244153
244152
244151
244150
244149
244148
244147
244146
244144
244143
243142
242141
241140
240140
239140
238140
236140
235140
234140
233140
232140
231140
230140
229140
227140
226140
225140
224140
223140
222141
221142
220143
220145
220146
220147
220148
220149
220150
220151
220152
220154
220155
220156
220157
220158
220159
220160
219161
218162
217163
216164
215164
214164
213164
212164
211164
210164
209164
208164
207164
206164
205164
204164
203164
202164
201164
200164
199164
198165
197166
196167
196168
196169
196170
196171
196172
196173
196174
196175
196176
196177
196178
196179
196180
196181
196182
196183
196184
195185
194186
193187
192188
191188
191188
190188
189188
188188
187188
186188
185188
184188
183188
183188
182188
181188
180188
179188
178188
177188
176188
175188
175188
174188
173188
172188
171188
170188
169188
168188
167188
167188
166188
165188
164188
163188
162188
161188
160188
159188
159188
158188
157188
156188
155188
154188
153188
152188
151188
151188
150188
149188
148188
147188
146188
145188
144188
143188
143188
142188
141188
140188
139188
138188
137188
136188
135188
135188
134188
133188
132188
131188
130188
129188
128188
127188
127188
126188
125188
124188
123188
122188
121188
120188
119188
119188
118188
117188
116188
115188
114188
113188
112188
111188
111188
110188
109188
108188
107188
106188
105188
104188
103188
103188
102188
101188
100188
099188
098188
097188
096188
095188
095188
094188
093188
092188
091188
090188
089188
088188
087188
087188
086188
085188
084188
083188
082188
081188
080188
079188
079188
078189
077190
076191
076192
076192
076193
076194
076195
076196
076197
076198
076199
076200
076200
076201
076202
076203
076204
076205
076206
076207
076208
076208
076209
076210
076211
076212
076213
076214
076215
076216
076216
076217
076218
076219
076220
076221
076222
076223
076224
076224
075225
074226
073227
072228
071228
071228
070228
069228
068228
067228
066228
065228
064228
063228
063228
062228
061228
060228
059228
058228
057228
056228
055228
055228
054227
053226
052225
052224
052223
052223
052222
052221
052220
052219
052218
052217
052216
052215
052215
052214
052213
052212
052211
052210
052209
052208
052207
052207
052206
052205
052204
052203
052202
052201
052200
052199
052199
052198
052197
052196
052195
052194
052193
052192
052191
052191
052190
052189
052188
052187
052186
052185
052184
052183
052183
052182
052181
052180
052179
052178
052177
052176
052175
052175
052174
052173
052172
052171
052170
052169
052168
052167
052167
052166
052165
052164
052163
052162
052161
052160
052159
052159
052158
052157
052156
052155
052154
052153
052152
052151
052151
052150
052149
052148
052147
052146
052145
052144
052143
052143
051142
050141
049140
048140
047140
047140
046140
045140
044140
043140
042140
041140
040140
039140
039140
038140
037140
036140
035140
034140
033140
032140
031140
031140
030140
029140
028140
027140
026140
025140
024140
023140
023140
022141
021142
020143
020144
020144
020145
020146
020147
020148
020149
020150
020151
020152
020152
020153
020154
020155
020156
020157
020158
020159
020160
020160
020161
020162
020163
020164
020165
020166
020167
020168
020168
020169
020170
020171
020172
020173
020174
020175
020176
020176
020177
020178
020179
020180
020181
020182
020183
020184
020184
020185
020186
020187
020188
020189
020190
020191
020192
020192
020193
020194
020195
020196
020197
020198
020199
020200
020200
020201
020202
020203
020204
020205
020206
020207
020208
020208
020209
020210
020211
020212
020213
020214
020215
020216
020216
020217
020218
020219
020220
020221
020222
020223
020224
020224
021225
022226
023227
024228
024228
025228
026228
027228
028228
029228
030228
031228
032228
032228
032228
032228
033228
034228
035228
036228
038228
039228
040228
040228
041228
042228
043228
044228
045228
047228
048228
049228
050228
051228
052228
053228
054228
056228
057228
058228
059228
060228
061228
062228
063228
065228
066228
067228
068228
069228
070228
071228
072228
074226
075225
076224
076223
076222
076221
076220
076219
076217
076216
076215
076214
076213
076212
076211
076210
076208
076207
076206
REMARK:Be facing right before you eat the 400
076205
076204
076203
076202
076201
076199
076198
076197
076196
076195
076194
076193
076192
076191
076191
076191
076191
076191
076191
076191
076191
076191
076191
076191
076191
076191
076191
076191
076191
076191
076191
076191
076191
076191
076191
076191
076191
076191
076191
076191
076191
076191
076191
076191
076191
076191
076191
076191
076191
076191
076191
076191
076191
076191
076191
076191
076191
076191
076191
076191
076191
076191
076191
076191
076191
076191
076191
076191
076191
076191
076191
076191
075190
074189
073188
072188
071188
071188
070188
069188
068188
066188
065188
064188
063188
063188
062188
061188
060188
059188
057188
056188
055188
054187
053186
052185
052185
052185
052185
052185
052185
052185
052185
052185
052185
052185
052185
052185
052185
052185
052185
052185
052185
052185
052185
052185
052185
052185
052185
052185
052185
052185
052185
052185
052185
052185
052185
052185
052185
052185
052185
052185
052185
052185
052185
052185
052185
052185
052185
052185
052185
052185
052185
052185
052185
052185
052185
052185
052185
052185
052185
052185
052185
052185
052185
052185
052185
052184
052183
052181
052180
052179
052178
052177
052176
052175
052174
052172
052171
052170
052169
052168
052167
052166
052165
052163
052162
052161
052160
052159
052158
052157
052156
052154
052153
052152
052151
052151
052151
052151
052151
052151
052151
052151
052151
052151
052151
052151
052151
052151
052151
052151
052151
052151
052151
052151
052151
052151
052151
052151
052151
052151
052151
052151
052151
052151
052151
052151
052151
052151
052151
052151
052151
052151
052151
052151
052151
052151
052151
052151
052151
052151
052151
052151
052151
052151
052151
052151
052151
052151
052151
052151
052151
052151
052151
052151
052151
052149
052148
052147
052146
052145
052144
052143
051142
049140
048140
047140
046140
045140
044140
043140
043140
043140
043140
043140
043140
043140
043140
043140
043140
043140
043140
043140
043140
043140
043140
043140
043140
043140
043140
043140
043140
043140
043140
043140
043140
043140
043140
043140
043140
043140
043140
043140
043140
043140
043140
043140
043140
043140
043140
043140
043140
043140
043140
043140
043140
043140
043140
043140
043140
043140
043140
043140
043140
043140
043140
043140
042140
041140
040140
039140
038140
036140
035140
034140
033140
032140
031140
030140
029140
027140
026140
025140
024140
023140
022141
021142
020143
020145
020146
020147
020148
020149
020150
020151
020152
020154
020155
020156
020157
020158
020159
020160
020161
020163
020164
020165
020166
020167
020168
020169
020170
020172
020173
020174
020175
020176
020177
020178
020179
020181
020182
020183
020184
021185
022186
023187
024188
024188
026188
027188
028188
029188
030188
031188
032188
032188
033188
035188
036188
037188
038188
039188
040188
040188
041188
042188
044188
045188
046188
047188
048188
049187
050186
051185
052184
052183
052182
052181
052180
052179
052178
052177
052176
052175
052174
052173
052172
052171
052170
052169
052168
052167
053166
054165
055164
056164
056164
057164
058164
059164
060164
061164
062164
063164
064164
064164
065164
066164
067164
068164
069164
070164
071164
072164
072164
073163
074162
075161
076160
076159
076159
076158
076157
076156
076155
076154
076153
076152
076151
076151
076150
076149
076148
076147
076146
076145
076144
076143
076143
077142
078141
079140
080140
081140
082140
083140
084140
085140
086140
087140
088140
089140
090140
091140
092140
093140
094140
095140
096140
097139
098138
099137
100136
100135
100134
100133
100132
100131
100130
100129
100128
100127
100126
100125
100124
100123
100122
100121
100120
100119
099118
098117
097116
096116
095116
094116
093116
092116
091116
090116
089116
088116
087116
086116
085116
084116
083116
082116
081116
080116
079116
079116
078115
077114
076113
076112
076111
076111
076110
076109
076108
076107
076106
076105
076104
076103
076103
076102
076101
076100
076099
076098
076097
076096
076095
076095
075094
074093
073092
072092
071092
071092
070092
069092
068092
067092
066092
065092
064092
063092
063092
062092
061092
060092
059092
058092
057092
056092
055092
055092
054091
053090
052089
052088
052087
052087
052086
052085
052084
052083
052082
052081
052080
052079
052079
052078
052077
052076
052075
052074
052073
052072
052071
052071
051070
050069
049068
048068
047068
047068
046068
045068
044068
043068
042068
041068
040068
039068
039068
038068
037068
036068
035068
034068
033068
032068
031068
031068
030068
029068
028068
027068
026068
025068
024068
023068
023068
022069
021070
020071
020072
020072
020073
020074
020075
020076
020077
020078
020079
020080
020080
020081
020082
020083
020084
020085
020086
020087
020088
020088
020089
020090
020091
020092
020093
020094
020095
020096
020096
020097
020098
020099
020100
020101
020102
020103
020104
020104
020105
020106
020107
020108
020109
020110
020111
020112
020112
021113
022114
023115
024116
024116
025116
026116
027116
028116
029116
030116
031116
032116
032116
033116
034116
035116
036116
037116
038116
039116
040116
040116
041116
042116
043116
044116
045116
046116
047116
048116
048116
049117
050118
051119
052120
052120
052121
052122
052123
052124
052125
052126
052127
052128
052128
052129
052130
052131
052132
052133
052134
052135
052136
052137
052138
052139
052140
052141
052142
052143
052144
052145
052146
052147
052148
052149
052150
052151
052152
052153
052154
052155
052156
052157
052158
052159
052160
053161
054162
055163
056164
057164
058164
059164
060164
061164
062164
063164
064164
065164
066164
067164
068164
069164
070164
071164
072164
073163
074162
075161
076160
076159
076158
076157
076156
076155
076154
076153
076152
076151
076150
076149
076148
076147
076146
076145
076144
076143
077142
078141
079140
080140
081140
082140
083140
084140
085140
086140
087140
088140
089140
090140
091140
092140
093140
094140
095140
096140
097139
098138
099137
100136
100135
100134
100133
100132
100131
100130
100129
100128
100127
100126
100125
100124
100123
100122
100121
100120
100119
100118
100117
100116
100115
100114
100113
100112
100111
100110
100109
100108
100107
100106
100105
100104
100103
100102
100101
100100
100099
100098
100097
100096
100095
101094
102093
103092
104092
105092
106092
107092
108092
109092
110092
111092
112092
113092
114092
115092
116092
117092
118092
119092
120092
121092
122092
123092
124092
125092
126092
127092
128092
129092
130092
131092
132092
133092
134092
135092
136092
137092
138092
139092
140092
141092
142092
143092
144092
145093
146094
147095
148096
148097
148098
148099
148100
148101
148102
148103
148104
148105
148106
148107
148108
148109
148110
148111
148112
148113
148114
148115
148116
148117
148118
148119
148120
148121
148122
148123
148124
148125
148126
148127
148128
148129
148130
148131
148132
148133
148134
148135
148136
148137
148138
148139
148140
148141
148142
148143
148144
148145
148146
148147
148148
148149
148150
148151
148152
148153
148154
148155
148156
148157
148158
148159
148160
147161
146162
145163
144164
143164
142164
141164
140164
139164
138164
137164
136164
135164
134164
133164
132164
131164
130164
129164
128164
127164
126164
125164
124164
123164
122164
121164
120164
119164
118164
117164
116164
115164
114164
113164
112164
111164
110164
109164
108164
107164
106164
105164
104164
103164
102163
101162
100161
100160
100159
100158
100157
100156
100155
100154
100153
100152
100151
100150
100149
100148
100147
100146
100145
100144
100143
100142
100141
100140
100139
100138
100137
100136
100135
100134
100133
100132
100131
100130
100129
100128
100127
100126
100125
100124
100123
100122
100121
100120
100119
099118
098117
097116
096116
095116
094116
093116
092116
091116
090116
089116
088116
087116
086116
085116
084116
083116
082116
081116
080116
079116
078115
077114
076113
076112
076111
076110
076109
076108
076107
076106
076105
076104
076103
076102
076101
076100
076099
076098
076097
076096
076095
075094
074093
073092
072092
071092
070092
069092
068092
067092
066092
065092
064092
063092
062092
061092
060092
059092
058092
057092
056092
055092
054091
053090
052089
052088
052087
052086
052085
052084
052083
052082
052081
052080
052079
052078
052077
052076
052075
052074
052073
052072
052071
053070
054069
055068
056068
056068
057068
058068
059068
060068
061068
062068
063068
064068
064068
065068
066068
067068
068068
069068
070068
071068
072068
072068
073067
074066
075065
076064
076063
076063
076062
076061
076060
076059
076058
076057
076056
076055
076055
076054
076053
076052
076051
076050
076049
076048
076047
076047
076046
076045
076044
076043
076042
076041
076040
076039
076039
076038
076037
076036
076035
076034
076033
076032
076031
076031
075030
074029
073028
072028
071028
071028
070028
069028
068028
067028
066028
065028
064028
063028
063028
062028
061028
060028
059028
058028
057028
056028
055028
055028
054029
053030
052031
052032
052032
052033
052034
052035
052036
052037
052038
052039
052040
052040
052041
052042
052043
052044
052045
052046
052047
052048
052048
052049
052050
052051
052052
052053
052054
052055
052056
052056
052057
052058
052059
052060
052061
052062
052063
052064
052065
052066
052067
052068
052069
052070
052071
052072
052073
052074
052075
052076
052077
052078
052079
052080
052081
052082
052083
052084
052085
052086
052087
052088
052089
052090
052091
052092
052093
052094
052095
052096
052096
052097
052098
052099
052100
052101
052102
052103
052104
052104
052105
052106
052107
052108
052109
052110
052111
052112
051113
050114
049115
048116
047116
046116
045116
044116
043116
042116
041116
040116
039116
038116
037116
036116
035116
034116
033116
032116
031116
030116
029116
028116
027116
026116
025116
024116
023116
022115
021114
020113
020112
020111
020110
020109
020108
020107
020106
020105
020104
020103
020102
020101
020100
020099
020098
020097
020096
020095
020094
020093
020092
020091
020090
020089
020088
020087
020086
020085
020084
020083
020082
020081
020080
020079
020078
020077
020076
020075
020074
020073
020072
020071
020070
020069
020068
020067
020066
020065
020064
020063
020063
020062
020061
020060
020059
020058
020057
020056
020055
020055
020054
020053
020052
020051
020050
020049
020048
020047
020047
020046
020045
020044
020043
020042
020041
020040
020039
020039
020038
020037
020036
020035
020034
020033
020032
020031
020031
021030
022029
023028
024028
024028
025028
026028
027028
028028
029028
030028
031028
032028
032028
032028
032028
033028
034028
035028
036028
037028
038028
040028
040028
041028
042028
043028
044028
045028
046028
047028
049028
050028
051028
052028
053028
054028
055028
056028
058028
059028
060028
061028
062028
063028
064028
065028
067028
068028
069028
070028
071028
072028
073029
074030
076032
076032
076032
076032
076032
076032
076032
076032
076032
076032
076032
076032
076032
076032
076032
076032
076032
076032
076032
076032
076032
076032
076032
076032
076032
076032
076032
076032
076032
076032
076032
076032
076032
076032
076032
076032
076032
076032
076032
076032
076032
076032
076032
076032
076032
076032
076032
076032
076032
076032
076032
076032
076032
076032
076032
076032
076032
076032
076032
076032
076032
076033
076034
076036
076037
076038
076039
076040
076041
076042
076043
076043
076045
REMARK:Push left until you see 800, then push right
076046
076047
076048
076049
076050
076051
076052
076052
076054
076055
076056
076057
076058
076059
076060
076061
076063
076064
075065
074066
073067
072068
071068
070068
068068
067068
066068
065068
064068
063068
062068
061068
059068
058068
057068
056068
055068
054069
053070
052071
052073
052074
052075
052076
052077
052078
052079
052080
052082
052083
052084
052085
052086
052087
052088
052089
052091
052092
052093
052094
052095
052096
052096
052096
052096
052096
052096
052096
052096
052096
052096
052096
052096
052096
052096
052096
052096
052096
052096
052096
052096
052096
052096
052096
052096
052096
052096
052096
052096
052096
052096
052096
052096
052096
052096
052096
052096
052096
052096
052096
052096
052096
052096
052096
052096
052096
052096
052096
052096
052096
052096
052096
052096
052096
052096
052096
052096
052096
052096
052096
052096
052096
052097
052098
052100
052101
052102
052103
052104
052105
052106
052107
052109
052110
052111
052112
052113
052114
052115
052116
052118
052119
052120
052121
052122
052123
052124
052125
052127
052128
052129
052130
052131
052132
052133
052134
052136
052137
052138
052139
052140
052141
052142
052143
052144
052144
052144
052144
052144
052144
052144
052144
052144
052144
052144
052144
052144
052144
052144
052144
052144
052144
052144
052144
052144
052144
052144
052144
052144
052144
052144
052144
052144
052144
052144
052144
052144
052144
052144
052144
052144
052144
052144
052144
052144
052144
052144
052144
052144
052144
052144
052144
052144
052144
052144
052144
052144
052144
052144
052144
052144
052144
052144
052143
052142
052141
052140
052139
052138
052137
052136
052134
052133
052132
052131
052130
052129
052128
052127
052125
052124
052123
052122
052121
052120
052119
052118
052116
052116
052116
052116
052116
052116
052116
052116
052116
052116
052116
052116
052116
052116
052116
052116
052116
052116
052116
052116
052116
052116
052116
052116
052116
052116
052116
052116
052116
052116
052116
052116
052116
052116
052116
052116
052116
052116
052116
052116
052116
052116
052116
052116
052116
052116
052116
052116
052116
052116
052116
052116
052116
052116
052116
052116
052116
052116
052116
052116
052115
052114
052113
052112
052111
052110
052109
052107
052106
052105
052104
052103
052102
052101
052100
052098
052097
052096
052095
052094
052093
052092
052091
052089
052088
052087
052086
052085
052084
052083
052082
052080
052079
052078
052077
052076
052075
052074
052073
052071
053070
054069
055068
056068
057068
058068
059068
061068
062068
063068
064068
065068
066068
067068
068068
070068
071068
072068
073068
074068
075068
076068
077068
079068
080068
080068
081068
082068
083068
084068
085068
086068
088068
088068
089068
090068
091068
092068
093068
094068
095068
096068
096068
097068
098068
099068
100068
101068
102068
103068
104068
104068
105068
106068
107068
108068
109068
110068
111068
112068
112068
113068
114068
115068
116068
117068
118068
119068
120068
120068
121068
122068
123068
124068
125068
126068
127068
128068
128068
129068
130068
131068
132068
133068
134068
135068
136068
136068
137068
138068
139068
140068
141068
142068
143068
144068
144068
145068
146068
147068
148068
149068
150068
151068
152068
152068
153068
154068
155068
156068
157068
158068
159068
160068
160068
161068
162068
163068
164068
165068
166068
167068
168068
169068
170068
171068
172068
173068
174068
175068
176068
177068
178068
179068
180068
181068
182068
183068
184068
185068
186068
187068
188068
189068
190068
191068
192068
193069
194070
195071
196072
196073
196074
196075
196076
196077
196078
196079
196080
196081
196082
196083
196084
196085
196086
196087
196088
196089
196090
196091
196092
196093
196094
196095
196096
196097
196098
196099
196100
196101
196102
196103
196104
196105
196106
196107
196108
196109
196110
196111
196112
196113
196114
196115
196116
196117
196118
196119
196120
196121
196122
196123
196124
196125
196126
196127
196128
196129
196130
196131
196132
196133
196134
196135
196136
196137
196138
196139
196140
196141
196142
196143
196144
196145
196146
196147
196148
196149
196150
196151
196152
196153
196154
196155
196156
196157
196158
196159
196160
196161
196162
196163
196164
196165
196166
196167
196168
196169
196170
196171
196172
196173
196174
196175
196176
196177
196178
196179
196180
196181
196182
196183
196184
195185
194186
193187
192188
191188
190188
189188
188188
187188
186188
185188
184188
183188
182188
181188
180188
179188
178188
177188
176188
175188
174189
173190
172191
172192
172192
172193
172194
172195
172196
172197
172198
172199
172200
172200
172201
172202
172203
172204
172205
172206
172207
172208
172208
172209
172210
172211
172212
172213
172214
172215
172216
172216
172217
172218
172219
172220
172221
172222
172223
172224
172224
173225
174226
175227
176228
176228
177228
178228
179228
180228
181228
182228
183228
184228
184228
185228
186228
187228
188228
189228
190228
191228
192228
192228
192228
192228
193227
194226
195225
196224
196223
196222
196221
196220
196219
196218
196217
196216
196215
196215
198213
199212
200212
200212
201212
202212
203212
204212
205212
207212
208212
208212
209212
210212
211212
212212
213212
214212
216212
217211
218210
219209
220208
220207
220206
220205
220203
220202
220201
220200
220199
220198
220197
220196
220194
220193
220192
220191
219190
218189
217188
216188
215188
215188
215188
215188
215188
215188
215188
215188
215188
215188
215188
215188
215188
215188
215188
215188
215188
215188
215188
215188
215188
215188
215188
215188
215188
215188
215188
215188
215188
215188
215188
215188
215188
215188
215188
215188
215188
215188
215188
215188
215188
215188
215188
215188
215188
215188
215188
215188
215188
215188
215188
215188
215188
215188
215188
215188
215188
215188
214188
213188
212188
211188
REMARK:Push right until you see 800, then push left
210188
209188
208188
207188
207188
207188
207188
207188
207188
207188
207188
207188
207188
207188
207188
207188
207188
207188
207188
207188
207188
207188
207188
207188
207188
207188
207188
207188
207188
207188
207188
207188
207188
207188
207188
207188
207188
207188
207188
207188
207188
207188
207188
207188
207188
207188
207188
207188
207188
207188
207188
207188
207188
207188
207188
207188
207188
207188
207188
207188
207188
207188
207188
205188
204188
203188
202188
201188
200188
199188
198187
196185
196184
196183
196182
196181
196180
196179
196178
196176
196175
196175
196175
196175
196175
196175
196175
196175
196175
196175
196175
196175
196175
196175
196175
196175
196175
196175
196175
196175
196175
196175
196175
196175
196175
196175
196175
196175
196175
196175
196175
196175
196175
196175
196175
196175
196175
196175
196175
196175
196175
196175
196175
196175
196175
196175
196175
196175
196175
196175
196175
196175
196175
196175
196175
196175
196175
196175
196175
196175
196175
196176
196178
196179
196180
196181
196182
196183
196184
197185
199187
200188
201188
202188
203188
204188
205188
206188
208188
209188
210188
211188
212188
213188
214188
215188
217189
218190
219191
220192
220193
220194
220195
220196
220198
220199
220200
220201
220202
220203
220204
220205
220207
220208
219209
218210
217211
216212
215212
214212
212212
211212
210212
209212
208212
207212
206212
205212
203212
202212
201212
200212
199212
198213
197214
196215
196217
196218
196219
196220
196221
196222
196223
196224
196224
196224
196224
196224
196224
196224
196224
196224
196224
196224
196224
196224
196224
196224
196224
196224
196224
196224
196224
196224
196224
196224
196224
196224
196224
196224
196224
196224
196224
196224
196224
196224
196224
196224
196224
196224
196224
196224
196224
196224
196224
196224
196224
196224
196224
196224
196224
196224
196224
196224
196224
196224
196224
196224
196224
196224
196224
196224
196224
194226
193227
192228
191228
190228
189228
188228
187228
185228
184228
183228
182228
181228
180228
179228
178228
176228
175228
174227
173226
172225
172224
172223
172222
172220
172219
172218
172217
172216
172215
172214
172213
172211
172210
172209
172208
172207
172206
172205
172204
172202
172201
172200
172199
172198
172197
172196
172195
172193
172192
172191
172190
172189
172188
172187
172186
172184
172183
172183
172182
172181
172180
172179
172178
172177
172175
172175
172175
172175
172175
172175
172175
172175
172175
172175
172175
172175
172175
172175
172175
172175
172175
172175
172175
172175
172175
172175
172175
172175
172175
172175
172175
172175
172175
172175
172175
172175
172175
172175
172175
172175
172175
172175
172175
172175
172175
172175
172175
172175
172175
172175
172175
172175
172175
172175
172175
172175
172175
172175
172175
172175
172175
172175
172175
172175
172175
172175
172175
172175
172175
172175
172175
172175
172175
172175
172175
172175
172175
172175
172175
172175
172175
172175
172175
172175
172175
172175
172175
172175
172175
172175
172175
172175
172175
172175
172175
172175
172175
172175
172175
172175
172175
172175
172175
172175
172175
172175
172175
172175
172175
172175
172175
172175
172175
172175
172175
172175
172175
172175
172175
172175
172175
172175
172175
172175
172175
172175
172175
172175
172175
172175
172175
172175
172175
172175
172175
172175
172175
172175
172175
172175
172175
172175
172175
172175
172175
172175
172175
172175
172175
172175
172175
172175
172175
172175
172175
172175
172175
172175
172175
172175
172175
172175
172175
172175
172175
172175
172175
172175
172175
172175
172175
172175
172175
172175
172175
172175
172175
172175
172175
172175
172175
172175
172175
172175
172175
172175
172175
172175
172175
172175
172175
172175
172175
172175
172175
172175
172175
172175
172175
172175
172175
172175
172175
172175
172175
172175
172175
172175
172175
172175
172175
172175
172175
172175
172175
172175
172175
172175
172175
172175
172175