196128
196128
196128
196128
196128
196128
196128
196128
196128
196128
196128
196128
196128
196128
196128
196128
196128
196128
196128
196128
196128
196128
196128
196128
196128
196128
196128
196128
196128
196128
196128
196128
196128
196128
196128
196128
196128
196128
196128
196128
196128
196128
196128
196128
196128
196128
196128
196128
196128
196128
196128
196128
196128
196128
196128
196128
196128
196128
196128
196128
196128
196128
196128
196128
196128
196128
196128
196128
196128
196128
196128
196128
196128
196128
196128
196128
196128
196128
196128
196128
196128
196128
196128
196128
196128
196128
196128
196130
196131
196132
196133
196134
196135
196136
196136
196137
196139
196140
196141
196142
196143
196144
196144
196145
196146
196148
196149
196150
196151
196152
196152
196153
196154
196155
196157
196158
196159
196160
196160
196161
196162
196163
196164
196166
196167
196168
196168
196169
196170
196171
196172
196173
196175
196176
196176
196177
196178
196179
196180
196181
196182
196184
196184
197185
198186
199187
200188
200188
201188
202188
203188
205188
206188
207188
208188
208188
209188
210188
211188
212188
214188
215188
216188
216188
217189
218190
219191
220192
220192
220193
220195
220196
220197
220198
220199
220200
220200
220201
220202
220204
220205
220206
220207
220208
220208
220209
220210
220211
220213
220214
220215
220216
220216
220217
220218
220219
220220
220222
220223
220224
220224
221225
222226
223227
224228
224228
225228
227228
228228
229228
230228
231228
232228
232228
233228
234228
236228
237228
238228
239228
240228
240228
241227
242226
243225
244223
244223
244222
244221
244220
244219
244218
244217
244216
244215
244214
244213
244212
244211
244210
244209
244208
244207
244207
244205
244204
244203
244202
244201
244200
244199
244199
244198
244196
244195
244194
244193
244192
244191
244191
244190
244189
244187
244186
244185
244184
244183
244183
244182
244181
244180
244178
244177
244176
244175
244175
244174
244173
244172
244171
244169
244168
244167
244167
244166
244165
244164
244163
244162
244160
244159
244159
244158
244157
244156
244155
244154
244153
244151
244151
244150
244149
244148
244147
244146
244145
244144
244143
244142
244141
244140
244139
244138
244137
244136
244135
244135
244133
244132
244131
244130
244129
244128
244127
244127
244126
244124
244123
244122
244121
244120
244119
244119
244118
244117
244115
244114
244113
244112
244111
244111
244110
244109
244108
244106
244105
244104
244103
244103
244102
244101
244100
244099
244097
244096
244095
244095
244094
244093
244092
244091
244090
244088
244087
244087
244086
244085
244084
244083
244082
244081
244079
244079
244078
244077
244076
244075
244074
244073
244072
244071
244070
244069
244068
244067
244066
244065
244064
244063
244063
244061
244060
244059
244058
244057
244056
244055
244055
244054
244052
244051
244050
244049
244048
244047
244047
244046
244045
244043
244042
244041
244040
244039
244039
244038
244037
244036
244034
244033
244032
244031
244031
243030
242029
241028
240028
239028
238028
237028
236028
235028
234028
233028
232028
231028
231028
229028
228028
227028
226028
225028
224028
223028
223028
222029
220031
220032
220032
220033
220034
220035
220036
220037
220038
220040
220040
220041
220042
220043
220044
220045
220046
220047
220048
220049
220050
220051
220052
220053
220054
220055
220056
220056
220058
220059
220060
220061
220062
220063
220064
220064
219065
217067
216068
215068
215068
214068
213068
212068
211068
210068
208068
207068
207068
206068
205068
204068
203068
202068
201068
199068
199068
198068
197068
196068
195068
194068
193068
192068
191068
190068
189068
188068
187068
186068
185068
184068
183068
183068
181068
180068
179068
178068
177068
176068
175068
175068
174069
172071
172072
172072
172073
172074
172075
172076
172077
172078
172080
172080
172081
172082
172083
172084
172085
172086
172087
172088
172089
172090
172091
172092
172093
172094
172095
172096
172096
172098
172099
172100
172101
172102
172103
172104
172104
172105
172107
172108
172109
172110
172111
172112
172112
173113
174114
176116
176116
177116
178116
179116
180116
181116
182116
183116
184116
185116
186116
187116
188116
189116
190116
191116
192116
192116
194114
195113
196112
196111
196111
196110
196109
196108
196107
196105
196104
196103
196103
196102
196101
196100
196099
196098
196096
196095
196095
197094
198093
199092
200092
200092
201092
202092
204092
205092
206092
207092
208092
208092
209092
210092
211092
213092
214092
215092
216092
216092
217093
218094
219095
220096
220096
220098
220099
220100
220101
220102
220103
220104
220104
220105
220107
220108
220109
220110
220111
220112
220112
221113
222114
224116
224116
225116
226116
227116
228116
229116
230116
231116
232116
233116
234116
235116
236116
237116
238116
239116
240116
242118
243119
244120
244121
244122
244123
244124
244125
244127
244128
244129
244130
244131
244132
244133
244134
244136
243137
242138
241139
240140
239140
239140
238140
237140
235140
234140
233140
232140
231140
231140
230140
229140
228140
226140
225140
224140
223140
223140
222141
221142
220143
220144
220144
220146
220147
220148
220149
220150
220151
220152
220152
220153
220155
220156
220157
220158
220159
220160
220160
219161
218162
216164
215164
215164
214164
213164
212164
211164
210164
209164
207164
207164
206164
205164
204164
203164
202164
201164
200164
198165
197166
196167
196168
196169
196170
196171
196172
196174
196175
196176
196177
196178
196179
196180
196181
196183
196184
195185
194186
193187
192188
191188
191188
190188
188188
187188
186188
185188
184188
183188
183188
182188
181188
179188
178188
177188
176188
175188
175188
174187
173186
172185
172183
172183
172182
172181
172180
172179
172178
172177
172176
172175
172174
172173
172172
172171
172170
172169
172168
172167
172167
172165
172164
172163
172162
172161
172160
172159
172159
172158
172156
172155
172154
172153
172152
172151
172151
172150
172149
172147
172146
172145
172144
172143
172143
173142
174141
175140
176140
177140
178140
179140
180140
181140
182140
183140
184140
184140
186140
187140
188140
189140
190140
191140
192140
193141
195143
196144
196145
196146
196147
196148
196149
196150
196152
196153
196154
196155
196156
196157
196158
196159
196161
196162
196163
196164
196165
196166
196167
196168
196170
196171
196172
196173
196174
196175
196176
196177
196179
196180
196181
196182
196183
196184
197185
198186
200188
201188
202188
203188
204188
205188
206188
207188
209188
210188
211188
212188
213188
214188
215188
216188
218190
219191
220192
220193
220194
220195
220196
220197
220199
220200
220201
220202
220203
220204
220205
220206
220208
219209
218210
217211
216212
215212
215212
214212
213212
211212
210212
209212
208212
207212
207212
206212
205212
204212
202212
201212
200212
199212
199212
198213
197214
196215
196216
196216
196218
196219
196220
196221
196222
196223
196224
196224
196224
196224
195225
194226
193227
192228
191228
191228
189228
188228
187228
186228
185228
184228
183228
183228
182228
180228
179228
178228
177228
176228
175228
175228
174227
173226
172224
172223
172223
172222
172221
172220
172219
172218
172217
172215
172215
172214
172213
172212
172211
172210
172209
172208
172207
172206
172205
172204
172203
172202
172201
172200
172199
172199
172197
172196
172195
172194
172193
172192
172191
171190
169188
168188
167188
167188
166188
165188
164188
163188
162188
160188
159188
159188
158188
157188
156188
155188
154188
153188
151188
151188
150188
149188
148188
147188
146188
145188
144188
143188
142188
141188
140188
139188
138188
137188
136188
135188
135188
133188
132188
131188
130188
129188
128188
127188
127188
126187
124185
124184
124183
124182
124181
124180
124179
124178
124176
124175
124174
124173
124172
124171
124170
124169
124167
125166
126165
127164
128164
129164
130164
131164
133164
134164
135164
136164
137164
138164
139164
140164
142164
143164
144164
145163
146162
147161
148160
148159
148157
148156
148155
148154
148153
148152
148151
148150
148148
148147
148146
148145
148144
148143
148142
148141
148139
148138
148137
148136
148135
148134
148133
148132
148130
148129
148128
148127
148126
148125
148124
148123
148121
148120
148119
148118
148117
148116
148115
148114
148112
148111
148110
148109
148108
148107
148106
148105
148103
148102
148101
148100
148099
148098
148097
148096
149094
150093
151092
152092
153092
154092
155092
156092
158092
159092
160092
161092
162092
163092
164092
165092
167092
168092
169093
170094
171095
172096
172097
172098
172100
172101
172102
172103
172104
172105
172106
172107
172109
172110
172111
172112
173113
174114
175115
176116
178116
179116
180116
181116
182116
183116
184116
185116
187116
188116
189116
190116
191116
192116
193115
194114
196112
196111
196110
196109
196108
196107
196106
196105
196103
196102
196101
196100
196099
196098
196097
196096
196094
196093
196092
196091
196090
196089
196088
196087
196087
196085
196084
196083
196082
196081
196080
196079
196079
196078
196076
196075
196074
196073
196072
196071
197070
198069
200068
201068
202068
203068
204068
205068
206068
207068
209068
210068
211068
212068
213068
214068
215068
216068
218066
219065
220064
220063
220062
220061
220060
220059
220057
220056
220055
220054
220053
220052
220051
220050
220048
220047
219046
218045
217044
216044
215044
215044
214044
212044
211044
210044
209044
208044
207044
207044
206044
205044
203044
202044
201044
200044
199044
199044
198043
197042
196041
196039
196039
196038
196037
196036
196035
196034
196033
196032
196031
196031
196031
196031
195030
194029
193028
192028
191028
190028
189028
188028
187028
186028
185028
184028
183028
183028
181028
180028
179028
178028
177028
176028
175028
175028
174029
REMARK:Push left to get to safe spot now, if you want a break
172031
172032
172032
172033
172034
172035
172036
172037
172038
172040
172040
172041
172042
172043
172044
172045
172046
172047
172048
172049
172050
172051
172052
172053
172054
172055
172056
172056
172058
172059
172060
172061
172062
172063
172064
171065
169067
168068
167068
167068
166068
165068
164068
163068
162068
160068
159068
159068
158068
157068
156068
155068
154068
153068
151068
151068
150068
149068
148068
147068
146068
145068
144068
143068
142068
141068
140068
139068
138068
137068
136068
135068
135068
133068
132068
131068
130068
129068
128068
127068
127068
126068
124068
123068
122068
121068
120068
119068
119068
118068
117068
115068
114068
113068
112068
111068
111068
110068
109068
108068
106068
105068
104068
103068
103068
102068
101068
100068
099068
097068
096068
095068
095068
094068
093068
092068
091068
090068
088068
087068
087068
086068
085068
084068
083068
082068
081068
079068
079068
078067
077066
076065
076064
076063
076063
076062
076061
076059
076058
076057
076056
076055
076055
076054
076053
076052
076050
076049
076048
076047
076047
076046
076045
076044
076043
076041
076040
076039
076039
076038
076037
076036
076035
076034
076032
076031
076031
075030
074029
073028
072028
071028
071028
070028
068028
067028
066028
065028
064028
063028
063028
062028
061028
059028
058028
057028
056028
055028
055028
054029
053030
052031
052032
052033
052034
052035
052036
052037
052038
052039
052040
052040
052042
052043
052044
052045
052046
052047
052048
052048
052049
052051
052052
052053
052054
052055
052056
052056
052057
052058
052060
052061
052062
052063
052064
052064
051065
050066
049067
047068
047068
046068
045068
044068
043068
042068
041068
040068
039068
038068
037068
036068
035068
034068
033068
032068
031068
031068
029068
028068
027068
026068
025068
024068
023068
023068
022069
020071
020072
020072
020073
020074
020075
020076
020077
020078
020080
020080
020081
020082
020083
020084
020085
020086
020087
020088
020089
020090
020091
020092
020093
020094
020095
020096
020096
020098
020099
020100
020101
020102
020103
020104
020104
020105
020107
020108
020109
020110
020111
020112
020112
021113
022114
024116
024116
025116
026116
027116
028116
029116
030116
031116
032116
033116
034116
035116
036116
037116
038116
039116
040116
040116
042116
043116
044116
045116
046116
047116
048116
048116
049115
051113
052112
052111
052111
052110
052109
052108
052107
052106
052104
052103
052103
052102
052101
052100
052099
052098
052097
052095
052095
052094
052093
052092
052091
052090
052089
052088
052087
052086
052085
052084
052083
052082
052081
052080
052079
052079
052077
052076
052075
052074
052073
052072
052071
051070
049068
048068
047068
046068
045068
044068
043068
042068
040068
039068
038068
037068
036068
035068
034068
033068
031068
030068
029068
028068
027068
026068
025068
024068
022067
021066
020065
020064
020063
020063
020062
020061
020060
020058
020057
020056
020055
020055
020054
020053
020052
020051
020049
020048
020047
020047
020046
020045
020044
020043
020042
020040
020039
020039
020038
020037
020036
020035
020034
020033
020031
020031
021030
022029
023028
024028
024028
025028
026028
027028
029028
030028
031028
032028
032028
032028
032028
033028
034028
035028
036028
037028
038028
039028
040028
040028
042028
043028
044028
045028
046028
047028
048028
049029
051031
052032
052033
052034
052035
052036
052037
052038
052040
052041
052042
052043
052044
052045
052046
052047
052049
052050
052051
052052
052053
052054
052055
052056
052058
052059
052060
052061
052062
052063
052064
053065
055067
056068
056068
057068
058068
059068
060068
061068
062068
064068
064068
065068
066068
067068
068068
069068
070068
071068
073068
074068
075068
076068
077068
078068
079068
080068
082068
083068
084068
085068
086068
087068
088068
089068
091068
092068
093068
094068
095068
096068
097068
098068
100068
101068
102068
103068
104068
105068
106068
107068
109068
110068
111068
112068
113068
114068
115068
116068
118068
119068
120068
121069
122070
123071
124072
124073
124075
124076
124077
124078
124079
124080
124081
124082
124084
124085
124086
124087
124088
125089
126090
127091
129092
130092
131092
132092
133092
134092
135092
136092
138092
139092
140092
141092
142092
143092
144092
145093
147095
148096
148097
148098
148099
148100
148101
148102
148104
148105
148106
148107
148108
148109
148110
148111
148113
148114
148115
148116
148117
148118
148119
148120
148122
148123
148124
148125
148126
148127
148128
148129
148131
148132
148133
148134
148135
148136
148137
148138
148140
148141
148142
148143
148144
148145
148146
148147
148149
148150
148151
148152
148153
148154
148155
148156
148158
148159
148160
147161
146162
145163
144164
143164
141164
140164
139164
138164
137164
136164
135164
134164
132164
131164
130164
129164
128164
127164
126165
125166
124168
124169
124170
124171
124172
124173
124174
124175
124177
124178
124179
124180
124181
124182
124183
124184
122186
121187
120188
119188
119188
118188
117188
116188
115188
113188
112188
111188
111188
110188
109188
108188
107188
106188
104188
103188
103188
102188
101188
100188
099188
098188
097188
095188
095188
094188
093188
092188
091188
090188
089188
088188
087188
086188
085188
084188
083188
082188
081188
080188
079188
079188
077188
076188
075188
074188
073188
072188
071188
071188
070188
068188
067188
066188
065188
064188
063188
063188
062188
061188
059188
058188
057188
056188
055188
055188
054188
053188
052188
050188
049188
048188
047188
047188
046188
045188
044188
043188
041188
040188
039188
039188
038188
037188
036188
035188
034188
032188
031188
031188
030188
029188
028188
027188
026188
025188
023188
023188
022187
021186
020185
020184
020183
020183
020182
020181
020179
020178
020177
020176
020175
020175
020174
020173
020172
020170
020169
020168
020167
020167
020166
020165
020164
020163
020161
020160
020159
020159
020158
020157
020156
020155
020154
020152
020151
020151
020150
020149
020148
020147
020146
020145
020143
020143
021142
022141
023140
024140
024140
025140
026140
027140
029140
030140
031140
032140
032140
033140
034140
035140
036140
038140
039140
040140
040140
041140
042140
043140
044140
045140
047140
048140
048140
049141
050142
051143
052144
052144
052145
052146
052148
052149
052150
052151
052152
052152
052153
052154
052155
052157
052158
052159
052160
052160
053161
054162
055163
056164
056164
058164
059164
060164
061164
062164
063164
064164
064164
065164
067164
068164
069164
070164
071164
072164
072164
073163
074162
076160
076159
076159
076158
076157
076156
076155
076154
076153
076151
076151
076150
076149
076148
076147
076146
076145
076144
076143
077142
078141
079140
080140
081140
082140
083140
084140
086140
087140
088140
089140
090140
091140
092140
093140
095140
096140
097139
098138
099137
100136
100135
100134
100132
100131
100130
100129
100128
100127
100126
100125
100123
100122
100121
100120
100119
099118
098117
097116
095116
094116
093116
092116
091116
090116
089116
088116
086116
085116
084116
083116
082116
081116
080116
079116
079116
077114
076113
076112
076111
076111
076110
076109
076108
076107
076105
076104
076103
076103
076102
076101
076100
076099
076098
076096
076095
076095
075094
074093
073092
072092
071092
071092
070092
068092
067092
066092
065092
064092
063092
063092
062092
061092
059092
058092
057092
056092
055092
054093
053094
052095
052097
052098
052099
052100
052101
052102
052103
052104
052106
052107
052108
052109
052110
052111
052112
052113
052115
052116
052117
052118
052119
052120
052120
052121
052122
052124
052125
052126
052127
052128
052128
052129
052130
052131
052133
052134
052135
052136
052137
052138
052139
052140
052142
052143
052144
052145
052146
052147
052148
052149
052151
052152
052153
052154
052155
052156
052157
052158
052160
052161
052162
052163
052164
052165
052166
052167
052168
052169
052170
052171
052172
052173
052174
052175
052176
052176
052178
052179
052180
052181
052182
052183
052184
051185
049187
048188
047188
046188
045188
044188
043188
042188
040188
039188
038188
037188
036188
035188
034188
033188
031188
030188
029188
028188
027188
026188
025188
024188
022189
021190
020191
020192
020192
020193
020194
020195
020196
020198
020199
020200
020200
020201
020202
020203
020204
020205
020207
020208
020208
020209
020210
020211
020212
020213
020214
020216
020216
020217
020218
020219
020220
020221
020222
020223
020224
021225
022226
023227
024228
024228
025228
026228
027228
028228
030228
031228
032228
032228
032228
032228
032228
033228
035228
036228
037228
038228
039228
040228
040228
041228
042228
044228
045228
046228
047228
048228
048228
049227
050226
051225
052223
052223
052222
052221
052220
052219
052218
052217
052216
052215
052214
052213
052212
052211
052210
052209
052208
052207
052207
052205
052204
052203
052202
052201
052200
052199
052199
052198
052196
052195
052194
052193
052192
052191
053190
054189
056188
057188
058188
059188
060188
061188
062188
063188
065188
066188
067188
068188
069188
070188
071188
072188
074190
075191
076192
076192
076193
076194
076195
076196
076197
076199
076200
076200
076201
076202
076203
076204
076205
076206
076208
076208
076209
076210
076211
076212
076213
076214
076215
076216
076217
076218
076219
076220
076221
076222
076223
076224
076224
074226
073227
072228
071228
071228
070228
069228
068228
067228
065228
064228
063228
063228
063228
063228
063228
063228
063228
063228
063228
063228
063228
063228
063228
063228
063228
063228
063228
063228
063228
063228
063228
063228
063228
063228
063228
063228
063228
063228
063228
063228
063228
063228
063228
063228
063228
063228
063228
063228
063228
063228
063228
063228
063228
063228
063228
063228
063228
063228
063228
063228
063228
063228
063228
063228
063228
063228
063228
063228
063228
063228
063228
063228
063228
063228
063228
063228
063228
063228
063228
063228
063228
063228
063228
063228
063228
063228
063228
063228
063228
063228
063228
063228
063228
063228
063228
063228
063228
063228
063228
063228
063228
063228
063228
063228
063228
063228
063228
063228
063228
063228
063228
063228
063228
063228
063228
063228
063228
063228
063228
063228
063228
063228
063228
063228
063228
063228
063228
063228
063228
063228
063228
063228
063228
063228
063228
063228
063228
063228
063228
063228
063228
063228
063228
063228
063228
063228
063228
063228
063228
063228
063228
063228
063228
063228
063228
063228
063228
063228
063228
063228
063228
063228
063228
063228
063228
063228
063228
063228
063228
063228
063228
063228
063228
063228
063228
063228
063228
063228
063228
063228
063228
063228
063228
063228
063228
063228
063228
063228
063228
063228
063228
063228
063228
063228
063228
063228
063228
063228
063228
063228
063228
063228
063228
063228
063228
063228
063228
063228
063228
063228
063228
063228
063228
063228
063228
063228
063228
063228
063228
063228
063228
063228
063228
063228
