196128
196128
196128
196128
196128
196128
196128
196128
196128
196128
196128
196128
196128
196128
196128
196128
196128
196128
196128
196128
196128
196128
196128
196128
196128
196128
196128
196128
196128
196128
196128
196128
196128
196128
196128
196128
196128
196128
196128
196128
196128
196128
196128
196128
196128
196128
196128
196128
196128
196128
196128
196128
196128
196128
196128
196128
196128
196128
196128
196128
196128
196128
196128
196128
196128
196128
196128
196128
196128
196128
196128
196128
196128
196128
196128
196128
196130
196131
196132
196133
196134
196135
196136
196136
196137
196139
196140
196141
196142
196143
196144
196144
196145
196146
196148
196149
196150
196151
196152
196152
196153
196154
196155
196157
196158
196159
196160
196160
196161
196162
196163
196164
196166
196167
196168
196168
196169
196170
196171
196172
196173
196175
196176
196176
196177
196178
196179
196180
196181
196182
196184
196184
197185
198186
199187
200188
200188
201188
202188
203188
205188
206188
207188
208188
208188
209188
210188
211188
212188
214188
215188
216188
216188
217189
218190
219191
220192
220192
220193
220195
220196
220197
220198
220199
220200
220200
220201
220202
220204
220205
220206
220207
220208
220208
220209
220210
220211
220213
220214
220215
220216
220216
220217
220218
220219
220220
220222
220223
220224
220224
221225
222226
223227
224228
224228
225228
227228
228228
229228
230228
231228
232228
232228
233228
234228
236228
237228
238228
239228
240228
240228
241227
242226
243225
244223
244223
244222
244221
244220
244219
244218
244217
244216
244215
244214
244213
244212
244211
244210
244209
244208
244207
244207
244205
244204
244203
244202
244201
244200
244199
244199
244198
244196
244195
244194
244193
244192
244191
244191
244190
244189
244187
244186
244185
244184
244183
244183
244182
244181
244180
244178
244177
244176
244175
244175
244174
244173
244172
244171
244169
244168
244167
244167
244166
244165
244164
244163
244162
244160
244159
244159
244158
244157
244156
244155
244154
244153
244151
244151
244150
244149
244148
244147
244146
244145
244144
244143
243142
242141
241140
240140
239140
239140
238140
237140
236140
234140
233140
232140
231140
231140
230140
229140
228140
227140
225140
224140
223140
223140
222141
221142
220143
220144
220144
220145
220147
220148
220149
220150
220151
220152
220152
220153
220154
220156
220157
220158
220159
220160
220160
219161
218162
217163
215164
215164
214164
213164
212164
211164
210164
209164
208164
207164
206164
205164
204164
203164
202164
201164
200164
199164
197162
196161
196160
196159
196158
196157
196156
196155
196153
196152
196151
196150
196149
196148
196147
196146
196144
196143
195142
194141
193140
192140
191140
191140
190140
188140
187140
186140
185140
184140
183140
183140
182140
181140
179140
178140
177140
176140
175140
175140
174141
173142
172143
172144
172145
172146
172147
172148
172149
172150
172151
172152
172152
172154
172155
172156
172157
172158
172159
172160
172160
172161
172163
172164
172165
172166
172167
172168
172168
172169
172170
172172
172173
172174
172175
172176
172176
172177
172178
172179
172181
172182
172183
172184
172184
173185
174186
175187
176188
176188
178188
179188
180188
181188
182188
183188
184188
184188
185188
187188
188188
189188
190188
191188
192188
193187
194186
196184
196183
196182
196181
196180
196179
196178
196177
196175
196174
196173
196172
196171
196170
196169
196168
196166
196165
196164
196163
196162
196161
196160
196159
196157
196156
196155
196154
196153
196152
196151
196150
196148
196147
196146
196145
196144
196143
195142
194141
192140
191140
190140
189140
188140
187140
186140
185140
183140
182140
181140
180140
179140
178140
177140
176140
174141
173142
172143
172144
172145
172146
172147
172148
172150
172151
172152
172153
172154
172155
172156
172157
172159
172160
172161
172162
172163
172164
172165
172166
172168
172169
172170
172171
172172
172173
172174
172175
172177
172178
172179
172180
172181
172182
172183
172184
172186
172187
172188
172189
172190
172191
172192
172192
172193
172195
172196
172197
172198
172199
172200
172200
172201
172202
172204
172205
172206
172207
172208
172208
172209
172210
172211
172213
172214
172215
172216
172216
172217
172218
172219
172220
172222
172223
172224
172224
173225
174226
175227
176228
176228
177228
179228
180228
181228
182228
183228
184228
184228
185228
186228
188228
189228
190228
191228
192228
192228
192228
192228
193227
194226
195225
196224
196223
196223
196222
196221
196219
196218
196217
196216
196215
196215
197214
198213
199212
200212
201212
202212
203212
204212
205212
206212
207212
208212
208212
210212
211212
212212
213212
214212
215212
216212
217211
219209
220208
220207
220206
220205
220204
220203
220202
220200
220199
220198
220197
220196
220195
220194
220193
220191
219190
218189
217188
216188
215188
214188
213188
211188
210188
209188
208188
207188
206188
205188
204188
202188
201188
200188
199188
198188
197188
196188
195188
193188
192188
191188
190188
189188
188188
187188
186188
184188
183188
182188
181188
180188
179188
178188
177188
175188
174188
173188
172188
171188
170188
169188
168188
167188
166188
165188
164188
163188
162188
161188
160188
159188
159188
157188
156188
155188
154188
153188
152188
151188
151188
150188
148188
147188
146188
145188
144188
143188
143188
142188
141188
139188
138188
137188
136188
135188
135188
134188
133188
132188
130188
129188
128188
127188
127188
126187
125186
124185
124184
124182
124181
124180
124179
124178
124177
124176
124175
124173
124172
124171
124170
124169
124168
124167
123166
121164
120164
119164
118164
117164
116164
115164
114164
112164
111164
110164
109164
108164
107164
106164
105164
103164
102163
101162
100161
100160
100159
100158
100157
100155
100154
100153
100152
100151
100150
100149
100148
100146
100145
100144
100143
099142
098141
097140
096140
094140
093140
092140
091140
090140
089140
088140
087140
085140
084140
083140
082140
081140
080140
079140
078141
076143
076144
076144
076145
076146
076147
076148
076149
076150
076152
076152
076153
076154
076155
076156
076157
076158
076159
076160
075161
074162
073163
072164
071164
071164
070164
069164
068164
066164
065164
064164
063164
063164
062164
061164
060164
059164
057164
056164
055164
055164
054165
053166
052167
052168
052168
052169
052171
052172
052173
052174
052175
052176
052176
052177
052178
052180
052181
052182
052183
052184
052184
051185
050186
049187
047188
047188
046188
045188
044188
043188
042188
041188
040188
039188
038188
037188
036188
035188
034188
033188
032188
031188
031188
029188
028188
027188
026188
025188
024188
023188
023188
022187
020185
020184
020183
020183
020182
020181
020180
020179
020178
020176
020175
020175
020174
020173
020172
020171
020170
020169
020167
020167
020166
020165
020164
020163
020162
020161
020160
020159
020158
020157
020156
020155
020154
020153
020152
020151
020151
020149
020148
020147
020146
020145
020144
020143
021142
023140
024140
025140
026140
027140
028140
029140
030140
032140
033140
034140
035140
036140
037140
038140
039140
041140
042140
043140
044140
045140
046140
047140
048140
050142
051143
052144
052144
052145
052146
052147
052148
052149
052151
052152
052152
052153
052154
052155
052156
052157
052158
052160
052161
052162
052163
052164
052165
052166
052167
052169
052170
052171
052172
052173
052174
052175
052176
052178
052179
052180
052181
052182
052183
052184
051185
049187
048188
047188
046188
045188
044188
043188
042188
040188
039188
038188
037188
036188
035188
034188
033188
031188
030188
029188
028188
027188
026188
025188
024188
022187
021186
020185
020184
020183
020182
020181
020180
020178
020177
020176
020175
020174
020173
020172
020171
020169
020168
020167
020166
020165
020164
020163
020162
020160
020159
020158
020157
020156
020155
020154
020153
020151
020150
020149
020148
020147
020146
020145
020144
021142
022141
023140
024140
025140
026140
027140
028140
030140
031140
032140
033140
034140
035140
036140
037140
039140
040140
041140
042140
043140
044140
045140
046140
048140
049141
050142
051143
052144
052145
052146
052147
052149
052150
052151
052152
052153
052154
052155
052156
052158
052159
052160
052161
052162
052163
052164
052165
052167
052168
052169
052170
052171
052172
052173
052174
052176
052177
052178
052179
052180
052181
052182
052183
053185
054186
055187
056188
056188
057188
058188
059188
060188
062188
063188
064188
064188
065188
066188
067188
068188
069188
071188
072188
072188
073188
074188
075188
076188
077188
078188
080188
080188
081188
082188
083188
084188
085188
086188
087188
088188
089188
090188
091188
092188
093188
094188
095188
096188
096188
098188
099188
100188
101188
102188
103188
104188
104188
105188
107188
108188
109188
110188
111188
112188
112188
113188
114188
116188
117188
118188
119188
120188
121187
122186
123185
124183
124182
124181
124180
124179
124178
124177
124176
124174
124173
124172
124171
124170
124169
124168
124167
126165
127164
128164
129164
130164
131164
132164
133164
135164
136164
137164
138164
139164
140164
141164
142164
144164
145163
146162
147161
148160
148159
148158
148157
148155
148154
148153
148152
148151
148150
148149
148148
148146
148145
148144
148143
148142
148141
148140
148139
148137
148136
148135
148134
148133
148132
148131
148130
148128
148127
148126
148125
148124
148123
148122
148121
148119
148118
148117
148116
148115
149116
150116
151116
153116
154116
155116
156116
157116
158116
159116
160116
162116
163116
164116
165116
166116
167116
168116
169116
171116
172116
173116
174116
175116
176116
177116
178116
180116
181116
182116
183116
184116
185116
186116
187116
189116
190116
191116
192116
193116
194116
195116
196116
198116
199116
200116
201116
202116
203116
204116
205116
207116
208116
209116
210116
211116
212116
213116
214116
216116
217116
218116
219116
220116
221116
222116
223116
225116
226116
227116
228116
229116
230116
231116
232116
234116
235116
236116
237116
238116
239116
240116
241116
243116
244116
245116
246116
247116
248116
249116
250116
252116
253116
254116
255116
000116
001116
002116
003116
005116
006116
007116
008116
009116
010116
011116
012116
014116
015116
016116
017116
018116
019116
020116
021116
023116
024116
025116
026116
027116
028116
029116
030116
032116
033116
034116
035116
036116
037116
038116
039116
041116
042116
043116
044115
044114
044113
044112
044111
044109
044108
044107
044106
044105
044104
044103
044102
044100
044099
044098
044097
044096
044095
044094
044093
044091
044090
044089
044088
044087
044086
044085
044084
044082
044081
044080
044079
044078
044077
043076
042076
040076
039076
039076
038076
037076
036076
035076
034076
033076
031076
030076
029076
028076
027076
026076
025076
024076
023076
022076
021076
020076
019076
018076
017076
016076
015076
013076
012076
011076
010076
009076
008076
007076
007076
006076
004076
003076
002076
001076
002075
003074
004073
004072
004070
004069
004068
004067
005068
006068
007068
008068
010068
011068
012068
013068
014068
015068
016068
017068
019068
020068
021068
022068
023068
024068
025068
026068
028068
028067
028066
028065
028064
028063
028062
028061
028059
028058
028057
028056
028055
028054
028053
028052
028050
028049
028048
028047
028047
028046
029045
030044
031044
033044
034044
035044
036044
037044
038044
039044
040044
042044
043044
044044
045044
046044
047044
048044
049044
051044
052044
053044
054044
055044
056044
057044
058044
060044
061044
062044
063044
064044
065044
066044
067044
069044
070044
071044
072044
073044
074044
075044
076044
078044
079044
080044
081044
082044
083044
084044
085044
087044
088044
089044
090044
091044
092044
093044
094044
096044
097044
098044
099044
100044
101044
102044
103044
105044
106044
107044
108044
109044
110044
111044
112044
114044
115044
116044
117044
118044
119044
120044
121044
123044
124044
125044
126044
127044
128044
128044
129044
130044
132044
133044
134044
135044
136044
137044
138044
139044
141044
142044
143044
144044
145044
146044
147044
148044
150044
151044
152044
153043
154042
155041
156040
156039
156039
156037
157036
158036
159036
160036
161036
162036
163036
165036
166036
167036
168036
169036
170036
171036
172036
174036
175036
176036
177036
178036
179036
180036
181036
183036
184036
185036
186036
187036
188036
189036
190036
192036
193036
194036
195036
196036
197036
198036
199036
201036
202036
203036
204036
205036
206036
207036
208036
210036
211036
212036
213036
214036
215036
216036
217036
219036
220036
221036
222036
223036
224036
225036
226036
228036
228037
228038
228039
228040
228041
228042
228043
228045
228046
228047
228048
228049
228050
228051
228052
228054
228055
228056
228057
228058
227059
226060
225060
223060
222060
221060
220060
219060
218060
217060
216060
214060
213060
212060
211060
210060
209060
208060
207060
205060
204060
203060
202060
201060
200060
199060
198060
196060
195060
194060
193060
192060
191060
190060
189060
187060
186060
185060
184060
183060
182060
181060
180060
178060
177060
176060
175060
175060
174060
173060
172060
173060
175060
176060
177060
178060
179060
180060
181060
182060
184060
185060
186060
187060
188060
189060
190060
191060
193060
194060
195060
196060
197060
198060
199060
200060
202060
203060
204060
205060
206060
207060
208060
209060
211060
212060
213060
214060
215060
216060
217060
218060
220060
221060
222060
223060
224060
225060
226061
227062
228064
228065
228066
228067
228068
228069
228070
228071
228073
228074
228075
228076
228077
228078
228079
228080
228082
228083
228084
228085
228086
228087
228088
228089
228091
228092
228093
228094
228095
228096
228097
228098
226100
225100
224100
223100
222100
221100
220100
219100
217100
216100
215100
214100
213100
212100
211100
210100
208100
207100
206100
205100
204100
203100
202100
201100
199100
198100
197100
196100
195100
194100
193100
192100
191100
190100
189100
190100
191100
192100
193100
194100
195100
197100
198100
199100
200100
201100
202100
203100
204100
206100
207100
208100
209100
210100
211100
212100
213100
215100
216100
217100
218100
219100
220100
221100
222100
224100
225100
226100
227100
228099
228098
228097
228096
228094
228093
228092
228091
228090
228089
228088
228087
228085
228084
228083
228082
228081
228080
228079
228078
228076
228075
228074
228073
228072
228071
228070
229069
231068
232068
233068
234068
235068
236068
237068
238068
240068
240068
241068
242068
243068
244068
245068
246068
247068
249068
250068
251068
252068
253068
254068
255068
000068
002068
003068
004068
005068
006068
007068
008068
009068
011068
012068
013068
014068
015068
016068
017068
018068
020068
021068
022068
023068
024068
025068
026068
027068
029068
028067
028066
028065
028064
028063
028062
028061
028059
028058
028057
028056
028055
028054
028053
028052
028050
028049
028048
028047
028046
028045
028044
028043
028041
028040
028039
028038
028037
028036
028035
028034
028032
028031
028030
028029
028028
028027
028026
028025
028023
028022
028021
028020
028019
028018
028017
028016
028014
028013
028012
028011
028010
028009
028008
028007
028005
028004
028003
028002
028001
028000
028255
028254
028252
028251
028250
028249
028248
028247
028246
028245
028243
028242
028241
028240
028239
028238
028237
028236
028234
028233
028232
028231
028230
028230
027229
######
026228