196128
196128
196128
196128
196128
196128
196128
196128
196128
196128
196128
196128
196128
196128
196128
196128
196128
196128
196128
196128
196128
196128
196128
196128
196128
196128
196128
196128
196128
196128
196128
196128
196128
196128
196128
196128
196128
196128
196128
196128
196128
196128
196128
196128
196128
196128
196128
196128
196128
196128
196128
196128
196128
196128
196128
196128
196128
196128
196128
196128
196128
196128
196128
196128
196128
196128
196128
196128
196128
196128
196128
196128
196128
196128
196128
196128
196128
196128
196128
196128
196128
196128
196128
196128
196128
196128
196128
196128
196128
196128
196128
196130
196131
196132
196133
196134
196135
196136
196136
195137
193139
192140
191140
191140
190140
189140
188140
187140
186140
184140
183140
183140
182140
181140
180140
179140
178140
177140
175140
175140
174141
173142
172143
172144
172144
172145
172146
172147
172149
172150
172151
172152
172152
172153
172154
172155
172156
172158
172159
172160
172160
172161
172162
172163
172164
172165
172167
172168
172168
172169
172170
172171
172172
172173
172174
172176
172176
172177
172178
172179
172180
172181
172182
172183
172184
173185
174186
175187
176188
176188
177188
178188
179188
180188
182188
183188
184188
184188
185188
186188
187188
188188
189188
191188
192188
192188
193188
194188
195188
196188
197188
198188
200188
200188
201188
202188
203188
204188
205188
206188
207188
208188
209188
210188
211188
212188
213188
214188
215188
216188
216188
218190
219191
220192
220192
220193
220194
220195
220196
220197
220199
220200
220200
220201
220202
220203
220204
220205
220206
220208
220208
220209
220210
220211
220212
220213
220214
220215
220216
220217
220218
220219
220220
220221
220222
220223
220224
220224
222226
223227
224228
224228
225228
226228
227228
228228
229228
231228
232228
232228
233228
234228
235228
236228
237228
238228
240228
240228
241227
242226
243225
244224
244223
244223
244222
244221
244219
244218
244217
244216
244215
244215
244214
244213
244212
244210
244209
244208
244207
244207
244206
244205
244204
244203
244201
244200
244199
244199
244198
244197
244196
244195
244194
244192
244191
244191
244190
244189
244188
244187
244186
244185
244183
244183
244182
244181
244180
244179
244178
244177
244176
244175
244174
244173
244172
244171
244170
244169
244168
244167
244167
244165
244164
244163
244162
244161
244160
244159
244159
244158
244156
244155
244154
244153
244152
244151
244151
244150
244149
244147
244146
244145
244144
244143
244143
244142
244141
244140
244138
244137
244136
244135
244135
244134
244133
244132
244131
244129
244128
244127
244127
244126
244125
244124
244123
244122
244120
244119
244119
243118
242117
241116
240116
239116
239116
238116
236116
235116
234116
233116
232116
231116
231116
230116
229116
227116
226116
225116
224116
223116
223116
222115
221114
220113
220111
220111
220110
220109
220108
220107
220106
220105
220104
220103
220102
220101
220100
220099
220098
220097
220096
220095
220095
218093
217092
216092
215092
215092
214092
213092
212092
211092
209092
208092
207092
207092
206092
205092
204092
203092
202092
200092
199092
199092
198091
197090
196089
196088
196087
196087
196086
196084
196083
196082
196081
196080
196079
196079
196078
196077
196075
196074
196073
196072
196071
196071
195070
194069
193068
191068
191068
190068
189068
188068
187068
186068
185068
184068
183068
182068
181068
180068
179068
178068
177068
176068
175068
175068
173070
172071
172072
172072
172073
172074
172075
172076
172077
172079
172080
172080
172081
172082
172083
172084
172085
172086
172088
172088
172089
172090
172091
172092
172093
172094
172095
172096
172097
172098
172099
172100
172101
172102
172103
172104
172104
172106
172107
172108
172109
172110
172111
172112
172112
173113
175115
176116
176116
177116
178116
179116
180116
181116
182116
184116
184116
185116
186116
187116
188116
189116
190116
191116
192116
193117
194118
195119
196120
196121
196122
196123
196124
196126
196127
196128
196129
196130
196131
196132
196133
196135
196136
196137
196138
196139
196140
196141
196142
196144
196144
196145
196146
196147
196148
196149
196150
196151
196152
196153
196154
196155
196156
196157
196158
196159
196160
196160
198162
199163
200164
200164
201164
202164
203164
204164
205164
207164
208164
208164
209164
210164
211164
212164
213164
214164
216164
216164
217163
218162
219161
220160
220159
220159
220158
220157
220155
220154
220153
220152
220151
220151
220150
220149
220148
220146
220145
220144
220143
220143
221142
222141
223140
224140
224140
226140
227140
228140
229140
230140
231140
232140
232140
233140
235140
236140
237140
238140
239140
240140
241139
242138
244136
244135
244134
244133
244132
244131
244130
244129
244127
244126
244125
244124
244123
244122
244121
244120
244118
244117
244116
244115
244114
244113
244112
244111
244111
244109
244108
244107
244106
244105
244104
244103
244103
244102
244100
244099
244098
244097
244096
244095
244095
244094
244093
244091
244090
244089
244088
244087
244087
244086
244085
244084
244082
244081
244080
244079
244079
244078
244077
244076
244075
244073
244072
244071
244071
244070
244069
244068
244067
244066
244064
244063
244063
244062
244061
244060
244059
244058
244057
244055
244055
244054
244053
244052
244051
244050
244049
244048
244047
244046
244045
244044
244043
244042
244041
244040
244039
244039
244037
244036
244035
244034
244033
244032
244031
244031
243030
241028
240028
239028
239028
238028
237028
236028
235028
234028
232028
231028
231028
230028
229028
228028
227028
226028
225028
223028
223028
222029
221030
220031
220032
220032
220033
220034
220035
220037
220038
220039
220040
220040
220041
220042
220043
220044
220046
220047
220048
220048
220049
220050
220051
220052
220053
220055
220056
220056
220057
220058
220059
220060
220061
220062
220064
220064
219065
218066
217067
216068
215068
215068
214068
213068
211068
210068
209068
208068
207068
207068
206068
205068
204068
202068
201068
200068
199068
198068
197068
196068
195068
193068
192068
191068
190068
189068
188068
187068
186068
184068
183068
182068
181068
180068
179068
178068
177068
175068
174069
173070
172071
172072
172073
172074
172075
172077
172078
172079
172080
172081
172082
172083
172084
172086
172087
172088
171089
170090
169091
168092
167092
165092
164092
163092
162092
161092
160092
159092
158092
156092
155092
154092
153092
152092
151092
150093
149094
148096
148097
148098
148099
148100
148101
148102
148103
148105
148106
148107
148108
148109
148110
148111
148112
148114
148115
148116
148117
148118
148119
148120
148121
148123
148124
148125
148126
148127
148128
148129
148130
148132
148133
148134
148135
148136
148137
148138
148139
148141
148142
148143
148144
148145
148146
148147
148148
148150
148151
148152
148153
148154
148155
148156
148157
148159
148160
149161
150162
151163
152164
153164
154164
156164
157164
158164
159164
160164
161164
162164
163164
165164
166164
167164
168164
169165
170166
171167
172168
172170
172171
172172
172173
172174
172175
172176
172177
172179
172180
172181
172182
172183
172184
172185
172186
172188
172189
172190
172191
172192
172192
172193
172194
172195
172197
172198
172199
172200
172200
172201
172202
172203
172204
172206
172207
172208
172208
172209
172210
172211
172212
172213
172215
172216
172216
172217
172218
172219
172220
172221
172222
172224
172224
173225
174226
175227
176228
176228
177228
178228
179228
181228
182228
183228
184228
184228
185228
186228
187228
188228
190228
191228
192228
192228
192228
192228
192228
193227
195225
196224
196223
196223
196222
196221
196219
196218
196217
196216
196215
196215
198213
199212
200212
200212
201212
202212
203212
205212
206212
207212
208212
208212
209212
210212
210212
210212
210212
210212
210212
210212
210212
210212
210212
210212
210212
210212
210212
210212
210212
210212
210212
210212
210212
210212
210212
210212
210212
210212
210212
210212
210212
210212
210212
210212
210212
210212
210212
210212
210212
210212
210212
210212
210212
210212
210212
210212
210212
210212
210212
210212
210212
210212
210212
210212
210212
210212
210212
210212
210212
211212
212212
213212
214212
215212
217211
218210
219209
220208
220207
220206
220204
220203
220202
220201
220200
220198
220197
220196
220195
220194
220192
220191
219190
218189
217188
216188
214188
213188
212188
211188
210188
208188
207188
206188
205188
204188
202188
201188
200188
199188
198188
197188
195188
194188
193188
192188
191188
191188
191188
191188
191188
191188
191188
191188
191188
191188
191188
191188
191188
191188
191188
191188
191188
191188
191188
191188
191188
191188
191188
191188
191188
191188
191188
191188
191188
191188
191188
191188
191188
191188
191188
191188
191188
191188
191188
191188
191188
191188
191188
191188
191188
191188
191188
191188
191188
191188
191188
191188
191188
191188
191188
191188
191188
191188
191188
191188
191188
191188
189188
188188
187188
186188
185188
183188
182188
181188
180188
179188
178188
176188
175188
174187
173186
172185
172183
172182
172181
172180
172179
172177
172176
172175
172174
172173
172172
172170
172169
172168
172167
172167
172167
172167
172167
172167
172167
172167
172167
172167
172167
172167
172167
172167
172167
172167
172167
172167
172167
172167
172167
172167
172167
172167
172167
172167
172167
172167
172167
172167
172167
172167
172167
172167
172167
172167
172167
172167
172167
172167
172167
172167
172167
172167
172167
172167
172167
172167
172167
172167
172167
172167
172167
172167
172167
172167
172167
172167
172167
172167
172167
172167
172167
172167
172167
172167
172167
172167
172167
172167
172167
172167
172167
172167
172167
172167
172167
172167
172167
172167
172167
172167
172167
172167
172167
172167
172167
172167
172167
172167
172167
172167
172167
172167
172167
172167
172167
172167
172167
172167
172167
172167
172167
172167
172167
172167
172167
172167
172167
172167
172167
172167
172167
172167
172167
172167
172167
172167
172167
172167
171166
169164
168164
167164
166164
165164
163164
162164
161164
160164
159164
158164
156164
155164
154164
153164
152164
150164
149164
148164
147164
146164
144164
143164
142164
141164
140164
139164
137164
136164
135164
134164
133164
131164
130164
129164
128164
127164
125166
124167
124168
124169
124170
124171
124173
124174
124175
124176
124177
124179
124180
124181
124182
124183
124184
123185
122186
121187
120188
119188
119188
118188
116188
115188
114188
113188
112188
111188
110188
109188
108188
107188
106188
104188
103188
103188
102188
101188
100188
099188
097188
096188
095188
095188
094188
093188
091188
090188
089188
088188
087188
087188
086188
085188
084188
083188
081188
080188
079188
079188
078188
077188
076188
075188
074188
072188
071188
071188
070188
069188
068188
067188
066188
065188
063188
063188
062188
061188
060188
059188
058188
057188
056188
055188
054187
053186
052185
052184
052183
052183
052182
052181
052180
052178
052177
052176
052175
052175
052174
052173
052172
052171
052169
052168
052167
052167
052166
052165
052164
052163
052162
052160
052159
052159
052158
052157
052156
052155
052154
052153
052151
052151
052150
052149
052148
052147
052146
052145
052144
052143
051142
050141
049140
048140
047140
047140
046140
045140
044140
042140
041140
040140
039140
039140
038140
037140
036140
035140
033140
032140
031140
031140
030140
029140
028140
027140
026140
024140
023140
023140
022141
021142
020143
020144
020144
020145
020146
020148
020149
020150
020151
020152
020152
020153
020154
020155
020157
020158
020159
020160
020160
020161
020162
020163
020164
020166
020167
020168
020168
020169
020170
020171
020172
020173
020175
020176
020176
020177
020178
020179
020180
020181
020182
020184
020184
020185
020186
020187
020188
020189
020190
020191
020192
020193
020194
020195
020196
020197
020198
020199
020200
020200
020202
020203
020204
020205
020206
020207
020208
020208
020209
020211
020212
020213
020214
020215
020216
020216
020217
020218
020220
020221
020222
020223
020224
020224
021225
022226
023227
024228
025228
026228
027228
028228
029228
030228
031228
032228
032228
032228
032228
033228
035228
036228
037228
038228
039228
040228
040228
040228
040228
040228
040228
040228
040228
040228
040228
040228
040228
040228
040228
040228
040228
040228
040228
040228
040228
040228
040228
040228
040228
040228
040228
040228
040228
040228
040228
040228
040228
040228
040228
040228
040228
040228
040228
040228
040228
040228
040228
040228
040228
040228
040228
040228
040228
040228
040228
040228
040228
040228
040228
040228
040228
040228
040228
040228
040228
042228
043228
044228
045228
046228
048228
048228
049228
050228
051228
052228
054228
055228
056228
056228
057228
058228
059228
061228
061228
061228
061228
061228
061228
061228
061228
061228
061228
061228
061228
061228
061228
061228
061228
061228
061228
061228
061228
061228
061228
061228
061228
061228
061228
061228
061228
061228
061228
061228
061228
061228
061228
061228
061228
061228
061228
061228
061228
061228
061228
061228
061228
061228
061228
061228
061228
061228
061228
061228
061228
061228
061228
061228
061228
061228
061228
061228
062228
064228
064228
065228
066228
067228
068228
070228
071228
072228
072228
073227
074226
076224
076223
076223
076222
076221
076220
076219
076217
076216
076215
076215
076214
076213
076211
076210
076209
076208
076207
076207
076205
076205
076205
076205
076205
076205
076205
076205
076205
076205
076205
076205
076205
076205
076205
076205
076205
076205
076205
076205
076205
076205
076205
076205
076205
076205
076205
076205
076205
076205
076205
076205
076205
076205
076205
076205
076205
076205
076205
076205
076205
076205
076205
076205
076205
076205
076205
076205
076205
076205
076205
076205
076205
076205
076205
076205
076205
076205
076204
076203
076201
076200
076199
076199
076198
076197
076195
076194
076193
076192
076191
074189
073188
072188
071188
070188
069188
067188
066188
065188
064188
063188
061188
060188
059188
058188
057188
055188
054189
053190
052191
052192
052192
052193
052195
052196
052197
052198
052199
052200
052201
052202
052203
052204
052205
052207
052208
052208
052209
052210
052211
052212
052214
052215
052216
052216
052217
052218
052220
052221
052222
052223
052224
054226
055227
056228
057228
058228
059228
061228
062228
063228
064228
065228
067228
068228
069228
070228
071228
073227
074226
075225
076224
076223
076222
076220
076219
076218
076217
076216
076214
076213
076212
076211
076210
076208
076207
076207
076207
076207
076207
076207
076207
076207
076207
076207
076207
076207
076207
076207
076207
076207
076207
076207
076207
076207
076207
076207
076207
076207
076207
076207
076207
076207
076207
076207
076207
076207
076207
076207
076207
076207
076207
076207
076207
076207
076207
076207
076207
076207
076207
076207
076207
076207
076207
076207
076207
076207
076207
076207
076207
076207
076207
076207
076205
076204
076203
076202
076201
076200
076198
076197
076196
076195
076194
076192
076191
075190
074189
073188
071188
070188
069188
068188
067188
066188
064188
063188
062188
061188
060188
058188
057188
056188
055188
054188
052188
051188
050188
049188
048188
047188
047188
045188
044188
043188
042188
041188
039188
039188
038188
037188
036188
035188
033188
032188
031188
031188
030188
029188
028188
026188
025188
024188
023188
022187
020185
020184
020183
020182
020181
020179
020178
020177
020176
020175
020174
020172
020171
020170
020169
020168
020166
020165
020164
020163
020162
020160
020159
020158
020157
020156
020155
020153
020152
020151
020150
020149
020147
020146
020145
020144
020143
022141
023140
024140
025140
026140
027140
028140
029140
031140
032140
033140
034140
035140
036140
037140
038140
040140
041140
042140
043140
044140
045140
046140
047140
049139
050138
051137
052136
052135
052135
052134
052133
052132
052130
052129
052128
052127
052127
052126
052125
052124
052123
052121
052120
052119
052119
052118
052117
052116
052115
052114
052112
052111
052111
052110
052109
052108
052107
052106
052105
052103
052103
052102
052101
052100
052099
052098
052097
052096
052095
052094
052093
052092
052091
052090
052089
052088
052087
052087
052085
052084
052083
052082
052081
052080
052079
052079
052078
052076
052075
052074
052073
052072
052071
052071
053070
054069
056068
056068
057068
058068
059068
060068
061068
062068
063068
064068
065068
066068
067068
068068
069068
070068
071068
072068
072068
074068
075068
076068
077068
078068
079068
080068
080068
081068
083068
084068
085068
086068
087068
088068
088068
089068
090068
092068
093068
094068
095068
096068
096068
097068
098068
099068
101068
102068
103068
104068
104068
105068
106068
107068
108068
110068
111068
112068
112068
113068
114068
115068
116068
117068
119068
120068
120068
121068
122068
123068
124068
125068
126068
128068
128068
129068
130068
131068
132068
133068
134068
135068
136068
137068
138068
139068
140068
141068
142068
143068
144068
144068
146068
147068
148068
149068
150068
151068
152068
152068
153068
155068
156068
157068
158068
159068
160068
160068
161068
162068
164068
165068
166068
167068
168068
169068
170068
171068
173068
174068
175068
176068
177068
178068
179068
180068
182068
183068
184068
185068
186068
187068
188068
189068
191068
192068
193068
194068
195068
196068
197068
198068
200068
201068
202068
203068
204068
205068
206068
207068
209068
210068
211068
212068
213068
214068
215068
216068
218066
219065
220064
220063
220062
220061
220060
220059
220057
220056
220055
220054
220053
220052
220051
220050
220048
220047
219046
218045
217044
216044
215044
215044
214044
212044
211044
210044
209044
208044
207044
207044
206044
205044
203044
202044
201044
200044
199044
199044
198043
197042
196041
196039
196039
196038
196037
196036
196035
196034
196033
196032
196031
196031
196031
196031
195030
194029
193028
192028
191028
190028
189028
188028
187028
186028
185028
183028
183028
182028
181028
180028
179028
177028
176028
175028
175028
174029
173030
172032
172032
172033
172034
172035
172036
172037
172039
172040
172040
172041
172042
172043
172045
172046
172047
172048
172048
172049
172051
172052
172053
REMARK:Push down until you see 400, then push up
172054
172055
172056
172056
172058
172059
172060
172061
172062
172064
173065
173065
173065
173065
173065
173065
173065
173065
173065
173065
173065
173065
173065
173065
173065
173065
173065
173065
173065
173065
173065
173065
173065
173065
173065
173065
173065
173065
173065
173065
173065
173065
173065
173065
173065
173065
173065
173065
173065
173065
173065
173065
173065
173065
173065
173065
173065
173065
173065
173065
173065
173065
173065
173065
173065
173065
173065
175067
176068
177068
178068
179068
180068
182068
183068
184068
185068
186068
188068
189068
190068
191068
192068
194068
195068
196068
197068
198068
199068
201068
201068
201068
201068
201068
201068
201068
201068
201068
201068
201068
201068
201068
201068
201068
201068
201068
201068
201068
201068
201068
201068
201068
201068
201068
201068
201068
201068
201068
201068
201068
201068
201068
201068
201068
201068
201068
201068
201068
201068
201068
201068
201068
201068
201068
201068
201068
201068
201068
201068
201068
201068
201068
201068
201068
201068
201068
201068
201068
201068
201068
201068
200068
198068
197068
196068
195068
194068
192068
191068
190068
189068
188068
186068
185068
184068
183068
182068
181068
179068
178068
177068
176068
175068
173070
172071
172072
172073
172074
172076
172077
172078
172079
172080
172081
172083
172084
172085
172086
172087
171089
170090
169091
168092
167092
165092
164092
163092
162092
161092
160092
158092
157092
156092
155092
154092
152092
151092
150093
149094
REMARK:Sit on wall until you see 1600, then push right
148095
148097
148098
148099
148100
148101
148102
148104
148105
148106
148107
148108
148110
148111
148112
148113
148114
148116
148117
148118
148119
148120
148121
148123
148124
148125
148126
148127
148129
148130
148131
148132
148133
148135
148136
148137
148138
148139
148140
148142
148143
148144
148145
148146
148148
148149
148150
148151
148152
148154
148155
148156
148157
148158
148159
148160
148160
148160
148160
148160
148160
148160
148160
148160
148160
148160
148160
148160
148160
148160
148160
148160
148160
148160
148160
148160
148160
148160
148160
148160
148160
148160
148160
148160
148160
148160
148160
148160
148160
148160
148160
148160
148160
148160
148160
148160
148160
148160
148160
148160
148160
148160
148160
148160
148160
148160
148160
148160
148160
148160
148160
148160
148160
148160
148160
148161
148162
148163
148164
148164
148164
148164
148164
148164
148164
148164
148164
148164
148164
148164
148164
148164
148164
148164
148164
148164
148164
148164
148164
148164
148164
148164
148164
148164
148164
148164
148164
148164
148164
148164
148164
148164
148164
148164
148164
148164
148164
148164
148164
148164
148164
148164
148164
148164
148164
148164
148164
148164
148164
148164
148164
148164
148164
148164
148164
148164
148164
148164
148164
148164
148164
148163
148162
148161
148160
148158
148157
148156
148155
148154
148153
148151
148150
148149
148148
148147
148145
148144
148143
148142
148141
148139
148138
148137
148136
148135
148134
148132
148131
148130
148129
148128
148126
148125
148124
148123
148122
148120
148119
148118
148117
148116
148115
148113
148112
148111
148110
148109
148107
148106
148105
148104
148103
148101
148100
148099
148098
148097
148096
147094
146093
145092
144092
143092
141092
140092
139092
138092
137092
135092
134092
133092
132092
131092
130092
128092
127092
126091
125090
124089
124087
124086
124085
124084
124083
124081
124080
124079
124078
124077
124076
124074
124073
124072
124071
122069
121068
120068
119068
118068
117068
116068
115068
113068
112068
111068
110068
109068
108068
107068
106068
104068
103068
102068
101068
100068
099068
098068
097068
095068
094068
093068
092068
091068
090068
089068
088068
086068
085068
084068
083068
082068
081068
080068
079068
077068
076068
075068
074068
073068
072068
071068
070068
068068
067068
066068
065068
064068
063068
062068
061068
059068
058068
057068
056068
055068
054067
053066
052065
052063
052063
052062
052061
052060
052059
052058
052057
052056
052055
052054
052053
052052
052051
052050
052049
052048
052047
052047
052045
052044
052043
052042
052041
052040
052039
052039
052038
052036
052035
052034
052033
052032
052031
052031
051030
050029
048028
047028
047028
046028
045028
044028
043028
042028
041028
039028
039028
039028
039028
039028
037028
036028
035028
034028
033028
031028
031028
030028
029028
028028
027028
026028
024028
023028
023028
022029
021030
020031
020032
020033
020034
020035
020036
020037
020039
020040
020040
020041
020042
020043
020044
020046
020047
020048
020048
020049
020050
020052
020053
020054
020055
020056
020056
020058
020059
020060
020061
020062
020063
020064
021065
022066
REMARK:Push down until you see 200, then push up
023067
024068
024068
025068
027068
028068
029068
030068
031068
032068
033068
034068
035068
036068
037068
038068
040068
040068
041068
042068
043068
044068
046068
047068
048068
049068
050068
052068
053068
054068
055068
056068
057068
059068
060068
061068
062068
063068
065068
066068
067068
068068
069068
071068
072068
073068
074068
075068
076068
078068
079068
080068
081068
081068
081068
081068
081068
081068
081068
081068
081068
081068
081068
081068
081068
081068
081068
081068
081068
081068
081068
081068
081068
081068
081068
081068
081068
081068
081068
081068
081068
081068
081068
081068
081068
081068
081068
081068
081068
081068
081068
081068
081068
081068
081068
081068
081068
081068
081068
081068
081068
081068
081068
081068
081068
081068
081068
081068
081068
081068
081068
081068
080068
078068
077068
076068
075068
074068
072068
071068
070068
069068
068068
067068
065068
064068
063068
062068
061068
059068
058068
057068
056068
055068
REMARK:Push left until you see 1600, then push right
053070
052071
052072
052073
052074
052075
052077
052078
052079
052080
052081
052083
052084
052085
052086
052087
052088
052088
052088
052088
052088
052088
052088
052088
052088
052088
052088
052088
052088
052088
052088
052088
052088
052088
052088
052088
052088
052088
052088
052088
052088
052088
052088
052088
052088
052088
052088
052088
052088
052088
052088
052088
052088
052088
052088
052088
052088
052088
052088
052088
052088
052088
052088
052088
052088
052088
052088
052088
052088
052088
052088
052088
052088
052089
052090
052091
052092
052093
052094
052096
052097
052098
052099
052100
052102
052103
052104
052105
052106
052108
052109
052110
052111
052112
052113
052115
052116
052117
052118
052119
052121
052122
052123
052124
052125
052127
052128
052129
052130
052131
052132
052134
052135
052136
052136
052136
052136
052136
052136
052136
052136
052136
052136
052136
052136
052136
052136
052136
052136
052136
052136
052136
052136
052136
052136
052136
052136
052136
052136
052136
052136
052136
052136
052136
052136
052136
052136
052136
052136
052136
052136
052136
052136
052136
052136
052136
052136
052136
052136
052136
052136
052136
052136
052136
052136
052136
052136
052136
052136
052137
052138
052139
052140
052141
052143
052144
052144
052144
052144
052144
052144
052144
052144
052144
052144
052144
052144
052144
052144
052144
052144
052144
052144
052144
052144
052144
052144
052144
052144
052144
052144
052144
052144
052144
052144
052144
052144
052144
052144
052144
052144
052144
052144
052144
052144
052144
052144
052144
052144
052144
052144
052144
052144
052144
052144
052144
052144
052144
052144
052144
052144
052144
052144
052144
052144
052144
052142
052141
052140
052139
052138
052137
052135
052134
052133
052132
052131
052129
052128
052127
052126
052125
052123
052122
052121
052120
052119
051118
049116
048116
047116
047116
046116
045116
043116
042116
041116
040116
039116
039116
037116
036116
035116
034116
033116
032116
031116
030116
029116
028116
027116
026116
024116
023116
023116
022115
021114
020113
020111
020111
020110
020109
020108
020107
020106
020104
020103
020103
020102
020101
020100
020098
020097
020096
020095
020095
020094
020092
020091
020090
020089
020088
020087
020087
020085
020084
020083
020082
020081
020079
020079
020078
020077
020076
020075
020074
020073
020072
021070
022069
023068
024068
025068
026068
027068
028068
030068
031068
032068
033068
034068
035068
036068
037068
039068
040068
041068
042068
043068
044068
045068
046068
048068
049067
050066
051065
052064
052063
052062
052061
052059
052058
052057
052056
052055
052054
052053
052052
052050
052049
052048
052047
052046
052045
052044
052043
052041
052040
052039
052038
052037
052036
052035
052034
052032
052031
053030
054029
055028
056028
056028
057028
058028
060028
061028
062028
063028
064028
064028
065028
066028
067028
069028
070028
071028
072028
072028
073029
074030
075031
076032
076032
076034
076035
076036
076037
076038
076039
076040
076040
076041
076043
076044
076045
076046
076047
076048
076048
076049
076050
076052
076053
076054
076055
076056
076056
076057
076058
076059
076061
076062
076063
076064
075065
074066
073067
072068
070068
069068
068068
067068
066068
065068
064068
063068
061068
060068
059068
058068
057068
056068
055068
054069
052071
052072
052073
052074
052075
052076
052077
052078
052080
052081
052082
052083
052084
052085
052086
052087
053089
054090
055091
056092
056092
057092
058092
059092
060092
062092
063092
064092
064092
065092
066092
067092
068092
069092
071092
072092
072092
073093
074094
075095
076096
076096
076097
076098
076100
076101
076102
076103
076104
076104
076105
076106
076107
076109
076110
076111
076112
076112
077113
078114
079115
080116
082116
083116
084116
085116
086116
087116
088116
089116
091116
092116
093116
094116
095116
096116
097117
098118
100120
100121
100122
100123
100124
100125
100126
100127
100129
100130
100131
100132
100133
100134
100135
100136
098138
097139
096140
095140
094140
093140
092140
091140
089140
088140
087140
086140
085140
084140
083140
082140
080140
079140
079140
078141
077142
076143
076144
076144
076145
076146
076148
076149
076150
076151
076152
076152
076153
076154
076155
076157
076158
076159
076160
076160
075161
074162
073163
REMARK:Small pause ahead to avoid the pink
072164
071164
070164
069164
068164
067164
066164
065164
064164
063164
063164
065164
066164
067164
068164
069164
070164
071164
072164
074164
075164
076164
076164
076164
076164
076164
076164
076164
076164
076164
076164
076164
076164
076163
076162
076160
076159
076158
076157
076156
076155
076154
076153
076151
076150
076149
076148
076147
076146
076145
076144
076142
076141
076140
076140
076140
076140
076140
076140
076140
077140
078140
079140
080140
081140
082140
083140
085140
086140
087140
088140
089140
090140
091140
092140
094140
095140
096140
097141
098142
099143
100144
100145
100147
100148
100149
100150
100151
100152
100153
100154
100156
100157
100158
100159
100160
101161
102162
103163
105164
106164
107164
108164
109164
110164
111164
112164
114164
115164
116164
117164
118164
119164
120164
121164
123166
124167
124168
124169
124170
124171
124172
124173
124175
124176
124177
124178
124179
124180
124181
124182
124184
125185
126186
127187
128188
128188
129188
130188
131188
133188
134188
135188
136188
136188
137188
138188
139188
140188
142188
143188
144188
144188
145188
146188
147188
148188
149188
151188
152188
152188
153188
154188
155188
156188
157188
158188
160188
160188
161188
162188
163188
164188
165188
166188
167188
169188
170188
171188
172188
173188
174188
175188
176188
178188
179188
180188
181188
182188
183188
184188
185188
187188
188188
189188
190188
191188
192188
193187
194186
196184
196183
196183
196182
196181
196180
196179
196178
196177
196175
196175
196174
196173
196172
196171
196170
196169
196168
196166
196165
196164
196163
196162
196161
196160
196159
196157
196156
196155
196154
196153
196152
196151
196150
196148
196147
196146
196145
196144
196143
196142
196141
196139
196138
196137
196136
196135
196134
196133
196132
196130
196129
196128
196127
196126
196125
196124
196123
196121
196120
196119
196118
196117
196116
196115
196114
196112
196111
196111
196110
196109
196108
196107
196106
196105
196103
196103
196103
196103
196103
196103
196103
196103
196103
196103
196103
196103
196103
196103
196103
196103
196103
196103
196103
196103
196103
196103
196103
196103
196103
196103
196103
196103
196103
196103
196103
196103
196103
196103
196103
196103
196103
196103
196103
196103
196103
196103
196103
196103
196103
196103
196103
196103
196103
196103
196103
196103
196103
196103
196103
196103
196103
196103
196103
196103
196103
196103
196103
196103
196103
196103
196103
196103
196103
196103
196103
196103
196103
196103
196103
196103
196103
196103
196103
196103
196103
196103
196103
196103
196103
196103
196103
196103
196103
196103
196103
196103
196103
196103
196103
196103
196103
196103
196103
196103
196103
196103
196103
196103
196103
196103
196103
196103
196103
196103
196103
196103
196103
196103
196103
196103
196103
196103
196103
196103
196103
196103
196103
196103
196103
196103
196103
196103
196103
196103
196103
196103
196103
196103
196103
196103
196103
196103
196103
196103
196103
196103
196103
196103
196103
196103
196103
196103
196103
196103
196103
196103
196103
196103
196103
196103
196103
196103
196103
196103
196103
196103
196103
196103
196103
196103
196103
196103
196103
196103
196103
196103
196103
196103
196103
196103
196103
196103
196103
196103
196103
196103
196103
196103
196103
196103
196103
196103
196103
196103
196103
196103
196103
196103
196103
196103
196103
196103
196103
196103
196103
196103
196103
196103
196103
196103
196103
196103
196103
196103
196103
196103
196103
196103
196103
196103
196103
196103
196103
