196128
196128
196128
196128
196128
196128
196128
196128
196128
196128
196128
196128
196128
196128
196128
196128
196128
196128
196128
196128
196128
196128
196128
196128
196128
196128
196128
196128
196128
196128
196128
196128
196128
196128
196128
196128
196128
196128
196128
196128
196128
196128
196128
196128
196128
196128
196128
196128
196128
196128
196128
196128
196128
196128
196128
196128
196128
196128
196128
196128
196128
196128
196128
196128
196128
196128
196128
196128
196128
196128
196128
196128
196128
196128
196128
196128
196128
196128
196128
196128
196128
196128
196128
196128
196128
196128
196128
196130
196131
196132
196133
196134
196135
196136
196136
196137
196139
196140
196141
196142
196143
196144
196144
196145
196146
196148
196149
196150
196151
196152
196152
196153
196154
196155
196157
196158
196159
196160
196160
196161
196162
196163
196164
196166
196167
196168
196168
196169
196170
196171
196172
196173
196175
196176
196176
196177
196178
196179
196180
196181
196182
196184
196184
197185
198186
199187
200188
200188
201188
202188
203188
205188
206188
207188
208188
208188
209188
210188
211188
212188
214188
215188
216188
216188
217189
218190
219191
220192
220192
220193
220195
220196
220197
220198
220199
220200
220200
220201
220202
220204
220205
220206
220207
220208
220208
220209
220210
220211
220213
220214
220215
220216
220216
220217
220218
220219
220220
220222
220223
220224
220224
221225
222226
223227
224228
224228
225228
227228
228228
229228
230228
231228
232228
232228
233228
234228
236228
237228
238228
239228
240228
240228
241227
242226
243225
244223
244223
244222
244221
244220
244219
244218
244217
244216
244215
244214
244213
244212
244211
244210
244209
244208
244207
244207
244205
244204
244203
244202
244201
244200
244199
244199
244198
244196
244195
244194
244193
244192
244191
244191
244190
244189
244187
244186
244185
244184
244183
244183
244182
244181
244180
244178
244177
244176
244175
244175
244174
244173
244172
244171
244169
244168
244167
244167
244166
244165
244164
244163
244162
244160
244159
244159
244158
244157
244156
244155
244154
244153
244151
244151
244150
244149
244148
244147
244146
244145
244144
244143
244142
244141
244140
244139
244138
244137
244136
244135
244135
244133
244132
244131
244130
244129
244128
244127
244127
244126
244124
244123
244122
244121
244120
244119
244119
243118
242117
240116
239116
239116
238116
237116
236116
235116
234116
233116
231116
231116
230116
229116
228116
227116
226116
225116
224116
223116
222115
221114
220113
220112
220111
220111
220110
220109
220108
220106
220105
220104
220103
220103
220102
220101
220100
220099
220097
220096
220095
220095
219094
218093
217092
216092
215092
215092
213092
212092
211092
210092
209092
208092
207092
207092
206092
204092
203092
202092
201092
200092
199092
199092
198093
197094
196096
196096
196097
196098
196099
196100
196101
196102
196103
196104
196105
196106
196107
196108
196109
196110
196111
196112
196112
194114
193115
192116
191116
191116
190116
189116
188116
187116
185116
184116
183116
183116
182116
181116
180116
179116
178116
176116
175116
175116
174115
173114
172113
172112
172111
172111
172110
172108
172107
172106
172105
172104
172103
172103
172102
172101
172099
172098
172097
172096
172095
172095
172094
172093
172092
172090
172089
172088
172087
172087
172086
172085
172084
172083
172081
172080
172079
172079
172078
172077
172076
172075
172074
172072
172071
172071
173070
174069
175068
176068
176068
177068
178068
180068
181068
182068
183068
184068
184068
185068
186068
187068
189068
190068
191068
192068
192068
193069
194070
195071
196072
196072
196074
196075
196076
196077
196078
196079
196080
196080
196081
196083
196084
196085
196086
196087
196088
196089
196090
196092
196093
196094
196095
196096
196097
196098
196099
196101
196102
196103
196104
196105
196106
196107
196108
196110
196111
196112
196113
196114
196115
196116
196117
196119
196120
196121
196122
196123
196124
196125
196126
196128
196129
196130
196131
196132
196133
196134
196135
196137
196138
196139
196140
196141
196142
196143
196144
196146
196147
196148
196149
196150
196151
196152
196153
196155
196156
196157
196158
196159
196160
197161
198162
200164
200164
201164
202164
203164
204164
205164
206164
207164
208164
209164
210164
211164
212164
213164
214164
215164
216164
216164
218162
219161
220160
220159
220159
220158
220157
220156
220155
220153
220152
220151
220151
220150
220149
220148
220147
220146
220144
220143
220143
221142
222141
223140
224140
224140
225140
226140
228140
229140
230140
231140
232140
232140
233140
234140
235140
237140
238140
239140
240140
241139
242138
243137
244136
244134
244133
244132
244131
244130
244129
244128
244127
244125
244124
244123
244122
244121
244120
244119
244118
244116
244115
244114
244113
244112
244111
244111
244110
244109
244107
244106
244105
244104
244103
244103
244102
244101
244100
244098
244097
244096
244095
244095
244094
244093
244092
244091
244089
244088
244087
244087
244086
244085
244084
244083
244082
244080
244079
244079
244078
244077
244076
244075
244074
244073
244071
244071
244070
244069
244068
244067
244066
244065
244064
244063
244062
244061
244060
244059
244058
244057
244056
244055
244055
244053
244052
244051
244050
244049
244048
244047
244047
244046
244044
244043
244042
244041
244040
244039
244039
244038
244037
244035
244034
244033
244032
244031
244031
243030
242029
241028
239028
239028
238028
237028
236028
235028
234028
233028
232028
231028
230028
229028
228028
227028
226028
225028
224028
223028
223028
221030
220031
220032
220032
220033
220034
220035
220036
220037
220039
220040
220040
220041
220042
220043
220044
220045
220046
220048
220048
220049
220050
220051
220052
220053
220054
220055
220056
220057
220058
220059
220060
220061
220062
220063
220064
220064
218066
217067
216068
215068
215068
214068
213068
212068
211068
209068
208068
207068
207068
206068
205068
204068
203068
202068
200068
199068
198068
197068
196068
195068
194068
193068
191068
190068
189068
188068
187068
186068
185068
184068
182068
181068
180068
179068
178068
177068
176068
175068
173070
172071
172072
172073
172074
172075
172076
172077
172079
172080
172081
172082
172083
172084
172085
172086
172088
171089
170090
169091
168092
167092
166092
165092
163092
162092
161092
160092
159092
158092
157092
156092
154092
153092
152092
151092
150093
149094
148095
148096
148098
148099
148100
148101
148102
148103
148104
148105
148107
148108
148109
148110
148111
148112
148113
148114
148116
148117
148118
148119
148120
148121
148122
148123
148125
148126
148127
148128
148129
148130
148131
148132
148134
148135
148136
148137
148138
148139
148140
148141
148143
148144
148145
148146
148147
148148
148149
148150
148152
148153
148154
148155
148156
148157
148158
148159
149161
150162
151163
152164
153164
154164
155164
156164
158164
159164
160164
161164
162164
163164
164164
165164
167164
168164
168164
169165
170166
171167
172168
172168
172169
172170
172172
172173
172174
172175
172176
172176
172177
172178
172179
172181
172182
172183
172184
172184
172185
172186
172187
172188
172190
172191
172192
172192
172193
172194
172195
172196
172197
172199
172200
172200
172201
172202
172203
172204
172205
172206
172208
172208
172209
172210
172211
172212
172213
172214
172215
172216
172217
172218
172219
172220
172221
172222
172223
172224
172224
174226
175227
176228
176228
177228
178228
179228
180228
181228
183228
184228
184228
185228
186228
187228
188228
189228
190228
192228
192228
192228
192228
192228
193227
195225
196224
196223
196223
196222
196221
196219
196218
196217
196216
196215
196215
198213
199212
200212
200212
201212
202212
203212
205212
206212
207212
208212
208212
209212
211212
212212
213212
214212
215212
217211
218210
219209
220208
220207
220206
220204
220203
220202
220201
220200
220198
220197
220196
220195
220194
220192
220191
219190
218189
217188
216188
214188
213188
212188
211188
210188
208188
207188
206188
205188
204188
202188
201188
200188
199188
198188
197188
195188
194188
193188
192188
191188
191188
189188
188188
187188
186188
185188
183188
183188
183188
183188
183188
183188
183188
183188
183188
183188
183188
183188
183188
183188
183188
183188
183188
183188
183188
183188
183188
183188
183188
183188
183188
183188
183188
183188
183188
183188
183188
183188
183188
183188
183188
183188
183188
183188
183188
183188
183188
183188
183188
183188
183188
183188
183188
183188
183188
183188
183188
183188
183188
183188
183188
183188
183188
183188
183188
183188
183188
182188
180188
179188
178188
177188
176188
175188
173186
172185
172184
172183
172182
172180
172179
172178
172177
172176
172174
172174
172174
172174
172174
172174
172174
172174
172174
172174
172174
172174
172174
172174
172174
172174
172174
172174
172174
172174
172174
172174
172174
172174
172174
172174
172174
172174
172174
172174
172174
172174
172174
172174
172174
172174
172174
172174
172174
172174
172174
172174
172174
172174
172174
172174
172174
172174
172174
172174
172174
172174
172174
172174
172174
172174
172174
172174
172174
172174
172173
172172
172170
172169
172168
172167
172167
172167
172167
172167
172167
172167
172167
172167
172167
172167
172167
172167
172167
172167
172167
172167
172167
172167
172167
172167
172167
172167
172167
172167
172167
172167
172167
172167
172167
172167
172167
172167
172167
172167
172167
172167
172167
172167
172167
172167
172167
172167
172167
172167
172167
172167
172167
172167
172167
172167
172167
172167
172167
172167
172167
172167
172167
172167
172167
172167
171166
169164
168164
167164
166164
165164
163164
162164
161164
160164
159164
158164
156164
REMARK:Push right until you see 1600, then push left
155164
154164
153164
152164
150163
149162
148161
148160
148159
148157
148156
148155
148154
148153
148152
148150
148149
148148
148147
148146
148144
148143
148143
148143
148143
148143
148143
148143
148143
148143
148143
148143
148143
148143
148143
148143
148143
148143
148143
148143
148143
148143
148143
148143
148143
148143
148143
148143
148143
148143
148143
148143
148143
148143
148143
148143
148143
148143
148143
148143
148143
148143
148143
148143
148143
148143
148143
148143
148143
148143
148143
148143
148143
148143
148143
148143
148143
148143
148143
148143
148143
148143
148144
148145
148146
148148
148149
148150
148151
148152
148153
148155
148156
148157
148158
148159
147161
146162
145163
144164
143164
141164
140164
139164
138164
137164
136164
134164
133164
132164
131164
130164
128164
127164
126165
125166
124167
124168
124170
124171
124172
124173
124174
124175
124176
124177
124179
124180
124181
124182
124183
124184
124184
123185
122186
120188
119188
119188
118188
117188
116188
115188
114188
113188
111188
111188
110188
109188
108188
107188
106188
105188
104188
103188
102188
101188
100188
099188
098188
097188
096188
095188
095188
093188
092188
091188
090188
089188
088188
087188
087188
086188
084188
083188
082188
081188
080188
079188
079188
078189
077190
076192
076192
076193
076194
076195
076196
076197
076198
076199
076200
076201
076202
076203
076204
076205
076206
076207
076208
076208
076210
076211
076212
076213
076214
076215
076216
076216
076217
076219
076220
076221
076222
076223
076224
076224
075225
074226
072228
071228
071228
070228
069228
068228
067228
066228
065228
063228
063228
062228
061228
060228
059228
058228
057228
056228
055228
054227
053226
052225
052224
052223
052223
052222
052221
052220
052218
052217
052216
052215
052215
052214
052213
052212
052211
052209
052208
052207
052207
052206
052205
052204
052203
052202
052200
052199
052199
052198
052197
052196
052195
052194
052193
052191
052191
052190
052189
052188
052187
052186
052185
052184
052183
052182
052181
052180
052179
052178
052177
052176
052175
052175
052173
052172
052171
052170
052169
052168
052167
052167
052166
052164
052163
052162
052161
052160
052159
052159
052158
052157
052155
052154
052153
052152
052151
052151
052150
052149
052148
052146
052145
052144
052143
052143
051142
050141
049140
048140
047140
046140
045140
044140
043140
042140
041140
040140
039140
039140
037140
036140
035140
034140
033140
032140
031140
031140
030140
028140
027140
026140
025140
024140
023140
023140
022141
021142
020144
020144
020145
020146
020147
020148
020149
020150
020151
020152
020153
020154
020155
020156
020157
020158
020159
020160
020160
020162
020163
020164
020165
020166
020167
020168
020168
020169
020171
020172
020173
020174
020175
020176
020176
020177
020178
020180
020181
020182
020183
020184
020184
020185
020186
020187
020189
020190
020191
020192
020192
020193
020194
020195
020196
020198
020199
020200
020200
020201
020202
020203
020204
020205
020207
020208
020208
020209
020210
020211
020212
020213
020214
020216
020216
020217
020218
020219
020220
020221
020222
020223
020224
021225
022226
023227
024228
024228
025228
026228
027228
028228
030228
031228
032228
032228
032228
032228
032228
033228
035228
036228
037228
038228
039228
040228
040228
042228
043228
044228
045228
046228
048228
049228
050228
051228
052228
054228
055228
056228
056228
056228
056228
056228
056228
056228
056228
056228
056228
056228
056228
056228
056228
056228
056228
056228
056228
056228
056228
056228
056228
056228
056228
056228
056228
056228
056228
056228
056228
056228
056228
056228
056228
056228
056228
056228
056228
056228
056228
056228
056228
056228
056228
056228
056228
056228
056228
056228
056228
056228
056228
056228
056228
056228
056228
056228
057228
058228
059228
060228
061228
062228
064228
065228
066228
067228
068228
070228
071228
072228
073227
074226
076224
076223
076222
076221
076220
076219
076217
076216
076215
076214
076213
076211
076210
076209
076208
076207
076205
076204
076203
076202
076201
076200
076198
076197
076196
076195
076194
076192
076191
075190
074189
073188
071188
071188
070188
069188
068188
067188
066188
064188
063188
063188
062188
061188
060188
058188
057188
056188
055188
054187
052185
052184
052183
052182
052181
052180
052178
052177
052176
052175
052174
052172
052171
052170
052169
052168
052166
052165
052164
052163
052162
052161
052159
052159
052159
052159
052159
052159
052159
052159
052159
052159
052159
052159
052159
052159
052159
052159
052159
052159
052159
052159
052159
052159
052159
052159
052159
052159
052159
052159
052159
052159
052159
052159
052159
052159
052159
052159
052159
052159
052159
052159
052159
052159
052159
052159
052159
052159
052159
052159
052159
052159
052159
052159
052159
052159
052159
052159
052159
052158
052156
052155
052154
052153
052152
052150
052149
052148
052147
052146
052145
052143
052143
052143
052143
052143
052143
052143
052143
052143
052143
052143
052143
052143
052143
052143
052143
052143
052143
052143
052143
052143
052143
052143
052143
052143
052143
052143
052143
052143
052143
052143
052143
052143
052143
052143
052143
052143
052143
052143
052143
052143
052143
052143
052143
052143
052143
052143
052143
052143
052143
052143
052143
052143
052143
052143
052143
052143
052143
052143
052143
051142
049140
048140
047140
047140
047140
047140
047140
047140
047140
047140
047140
047140
047140
047140
047140
047140
047140
047140
047140
047140
047140
047140
047140
047140
047140
047140
047140
047140
047140
047140
047140
047140
047140
047140
047140
047140
047140
047140
047140
047140
047140
047140
047140
047140
047140
047140
047140
047140
047140
047140
047140
047140
047140
047140
047140
047140
047140
047140
046140
045140
044140
043140
042140
040140
039140
038140
037140
036140
035140
033140
032140
031140
030140
029140
027140
026140
025140
024140
023140
021142
020143
020144
020145
020146
020147
020149
020150
020151
020152
020153
020155
020156
020157
020158
020159
020161
020162
020163
020164
020165
020166
020168
020169
020170
020171
020172
020173
020174
020176
020177
020178
020179
020180
020181
020182
020183
021185
022186
023187
024188
024188
025188
026188
027188
028188
030188
031188
032188
032188
033188
034188
035188
036188
037188
039188
040188
040188
041188
042188
043188
044188
045188
046188
048188
049187
050186
051185
052184
052183
052182
052181
052179
052178
052177
052176
052175
052174
052173
052172
052170
052169
052168
052167
053166
054165
055164
056164
056164
058164
059164
060164
061164
062164
063164
064164
064164
065164
067164
068164
069164
070164
071164
072164
072164
073163
074162
076160
076159
076159
076158
076157
076156
076155
076154
076153
076151
076151
076150
076149
076148
076147
076146
076145
076144
076143
077142
078141
079140
080140
081140
082140
083140
084140
086140
087140
088140
089140
090140
091140
092140
093140
095140
096140
097141
098142
099143
100144
100145
100146
100148
100149
100150
100151
100152
100153
100154
100155
100157
100158
100159
100160
101161
102162
103163
104164
106164
107164
108164
109164
110164
111164
112164
113164
115164
116164
117164
118164
119164
120164
121165
122166
124168
124169
124170
124171
124172
124173
124174
124175
124177
124178
124179
124180
124181
124182
124183
124184
126186
127187
128188
128188
129188
130188
131188
132188
133188
135188
136188
136188
137188
138188
139188
140188
141188
142188
144188
144188
145188
146188
147188
148188
149188
150188
151188
152188
153188
154188
155188
156188
157188
158188
159188
160188
160188
162188
163188
164188
165188
166188
167188
168188
169188
171188
172188
173188
174188
175188
176188
177188
178188
180188
181188
182188
183188
184188
185188
186188
187188
189188
190188
191188
192188
193187
194186
195185
196184
196182
196181
196180
196179
196178
196177
196176
196175
196173
196172
196171
196170
196169
196168
196167
196166
196164
196163
196162
196161
196160
196159
196158
196157
196155
196154
196153
196152
196151
196150
196149
196148
196146
196145
196144
196143
196142
196141
196140
196139
196137
196136
196135
196134
196133
196132
196131
196130
196128
196127
196126
196125
196124
196123
196122
196121
196119
195118
194117
193116
192116
191116
190116
189116
187116
186116
185116
184116
183116
182116
181116
180116
178116
177116
176116
175116
174115
173114
172113
172112
172110
172109
172108
172107
172106
172105
172104
172103
172101
172100
172099
172098
172097
172096
172095
172094
172092
172091
172090
172089
172088
172087
172086
172085
172083
172082
172081
172080
172079
172078
172077
172076
172074
172073
172072
172071
171070
170069
169068
168068
167068
166068
165068
164068
163068
162068
161068
160068
159068
159068
157068
156068
155068
154068
153068
152068
151068
151068
150068
148068
147068
146068
145068
144068
143068
143068
142068
141068
139068
138068
137068
136068
135068
135068
134068
133068
132068
130068
129068
128068
127068
127068
126069
125070
124071
124072
124074
124075
124076
124077
124078
124079
124080
124081
124083
124084
124085
124086
124087
124088
125089
126090
128092
129092
130092
131092
132092
133092
134092
135092
137092
138092
139092
140092
141092
142092
143092
144092
146094
147095
148096
148097
148098
148099
148100
148101
148103
148104
148105
148106
148107
148108
148109
148110
148112
148113
148114
148115
148116
148117
148118
148119
148121
148122
148123
148124
148125
148126
148127
148128
148130
148131
148132
148133
148134
148135
148136
148137
148139
148140
148141
148142
148143
148144
148145
148146
148148
148149
148150
148151
148152
148153
148154
148155
148157
148158
148159
148160
149161
150162
151163
152164
154164
155164
156164
157164
158164
159164
160164
161164
163164
164164
165164
166164
167164
168164
169163
170162
172160
172159
172159
172158
172157
172156
172155
172154
172153
172151
172151
172150
172149
172148
172147
172146
172145
172144
172143
173142
174141
175140
176140
176140
177140
178140
179140
180140
182140
183140
184140
184140
185140
186140
187140
188140
189140
191140
192140
193139
194138
195137
196136
196135
196134
196132
196131
196130
196129
196128
196127
196126
196125
196123
196122
196121
196120
196119
195118
194117
193116
191116
190116
189116
188116
187116
186116
185116
184116
182116
181116
180116
179116
178116
177116
176116
175116
173114
172113
172112
172111
172110
172109
172108
172107
172105
172104
172103
172102
172101
172100
172099
172098
172096
172095
171094
170093
169092
168092
167092
166092
164092
163092
162092
161092
160092
159092
158092
157092
155092
154092
153092
152092
151092
150092
149092
148092
146092
145092
144092
143092
142092
141092
140092
139092
137092
136092
135092
134092
133092
132092
131092
130092
128092
127092
126092
125092
124092
123092
122092
121092
119092
118092
117092
116092
115092
114092
113092
112092
110092
109092
108092
107092
106092
105092
104092
103092
101094
100095
100096
100097
100098
100099
100100
100101
100103
100104
100105
100106
100107
100108
100109
100110
100112
099113
098114
097115
096116
095116
094116
093116
091116
090116
089116
088116
087116
086116
085116
084116
082116
081116
080116
079116
079116
078115
077114
076113
076112
076111
076110
076109
076108
076107
076106
076105
076104
076103
076103
076101
076100
076099
076098
076097
076096
076095
076095
075094
073092
072092
071092
071092
070092
069092
068092
067092
066092
064092
063092
063092
062092
061092
060092
059092
058092
057092
055092
055092
054093
053094
052095
052096
052096
052097
052098
052099
052101
052102
052103
052104
052104
052105
052106
052107
052108
052110
052111
052112
052112
051113
050114
049115
048116
047116
047116
045116
044116
043116
042116
041116
040116
039116
039116
038116
036116
035116
034116
033116
032116
031116
031116
030116
029116
027116
026116
025116
024116
023116
023116
022115
021114
020113
020111
020111
020110
020109
020108
020107
020106
020105
020104
020103
020102
020101
020100
020099
020098
020097
020096
020095
020095
020093
020092
020091
020090
020089
020088
020087
020087
020086
020084
020083
020082
020081
020080
020079
020079
020078
020077
020075
020074
020073
020072
020071
020071
021070
022069
023068
024068
025068
026068
027068
028068
029068
030068
031068
032068
032068
034068
035068
036068
037068
038068
039068
040068
040068
041068
043068
044068
045068
046068
047068
048068
048068
049067
050066
052064
052063
052063
052062
052061
052060
052059
052058
052057
052055
052055
052054
052053
052052
052051
052050
052049
052048
052047
052046
052045
052044
052043
052042
052041
052040
052039
052039
052037
052036
052035
052034
052033
052032
052031
052031
053030
055028
056028
056028
057028
058028
059028
060028
061028
062028
064028
064028
065028
066028
067028
068028
069028
070028
071028
072028
073029
074030
075031
076032
076032
076033
076034
076035
076036
076038
076039
076040
076040
076041
076042
076043
076044
076045
076047
076048
076048
076049
076050
076051
076052
076053
076054
076056
076056
076057
076058
076059
076060
076061
076062
076063
076064
075065
074066
073067
072068
071068
071068
070068
069068
068068
066068
065068
064068
063068
063068
062068
061068
060068
059068
057068
056068
055068
054069
053070
052071
052072
052072
052073
052075
052076
052077
052078
052079
052080
052080
052081
052082
052084
052085
052086
052087
052088
052089
052090
052091
052093
052094
052095
052096
052097
052098
052099
052100
052102
052103
052104
052105
052106
052107
052108
052109
052111
052112
051113
050114
049115
048116
047116
046116
044116
043116
042116
041116
040116
039116
038116
037116
035116
034116
033116
032116
031116
030116
029116
028116
026116
025116
024116
023116
022115
021114
020113
020112
020110
020109
020108
020107
020106
020105
020104
020103
020101
020100
020099
020098
020097
020096
020095
020094
020092
020091
020090
020089
020088
020087
020086
020085
020083
020082
020081
020080
020079
020078
020077
020076
020074
020073
020072
020071
020070
020069
020068
020067
020065
020064
020063
020063
020062
020061
020060
020059
020058
020056
020055
020055
020054
020053
020052
020051
020050
020049
020047
020047
020046
020045
020044
020043
020042
020041
020040
020039
020038
020037
020036
020035
020034
020033
020032
020031
020031
022029
023028
024028
024028
025028
026028
027028
028028
029028
031028
032028
032028
032028
032028
REMARK:Push down until you see 200, then push up
033028
034028
035028
036028
037028
039028
040028
040028
041028
042028
043028
044028
046028
047028
048028
049028
050028
052028
053028
054028
055028
056028
056028
056028
056028
056028
056028
056028
056028
056028
056028
056028
056028
056028
056028
056028
056028
056028
056028
056028
056028
056028
056028
056028
056028
056028
056028
056028
056028
056028
056028
056028
056028
056028
056028
056028
056028
056028
056028
056028
056028
056028
056028
056028
056028
056028
056028
056028
056028
056028
056028
056028
056028
056028
056028
056028
056028
056028
054028
053028
052028
051028
050028
049028
047028
046028
045028
044028
043028
041028
040028
039028
038028
037028
035028
034028
033028
032028
031028
030028
028028
027028
026028
025028
024028
022029
021030
020031
020032
020033
020035
020036
020037
020038
020039
020040
020042
020043
020044
020045
020046
020048
020049
020050
020051
020052
020054
020055
020056
020057
020058
020059
020061
020062
020063
020064
021065
023067
024068
025068
026068
027068
029068
030068
031068
032068
033068
034068
036068
037068
038068
039068
040068
042068
043068
044068
045068
046068
048068
048068
048068
048068
048068
048068
048068
048068
048068
048068
048068
048068
048068
048068
048068
048068
048068
048068
048068
048068
048068
048068
048068
048068
048068
048068
048068
048068
048068
048068
048068
048068
048068
048068
048068
048068
048068
048068
048068
048068
048068
048068
048068
048068
048068
048068
048068
048068
048068
048068
048068
048068
048068
048068
048068
048068
048068
048068
049069
051071
052072
052073
052074
052075
052076
052078
052079
052080
052081
052082
052084
052085
052086
052087
052088
052090
052091
052092
052093
052094
052095
052096
052096
052096
052096
052096
052096
052096
052096
052096
052096
052096
052096
052096
052096
052096
052096
052096
052096
052096
052096
052096
052096
052096
052096
052096
052096
052096
052096
052096
052096
052096
052096
052096
052096
052096
052096
052096
052096
052096
052096
052096
052096
052096
052096
052096
052096
052096
052096
052096
052096
052096
052096
052096
052096
052096
052096
052096
052096
052096
052096
052097
052098
052099
052100
052101
052103
052104
052105
052106
052107
052109
052110
052111
052112
052112
052112
052112
052112
052112
052112
052112
052112
052112
052112
052112
052112
052112
052112
052112
052112
052112
052112
052112
052112
052112
052112
052112
052112
052112
052112
052112
052112
052112
052112
052112
052112
052112
052112
052112
052112
052112
052112
052112
052112
052112
052112
052112
052112
052112
052112
052112
052112
052112
052112
052112
052112
052112
052112
052112
052112
052112
052112
052113
052114
052115
052116
052117
052119
052120
052120
052121
052122
052123
052125
052126
052127
052128
052128
052129
052130
052132
052133
052134
052135
052136
052138
052139
052140
052141
052142
052144
052145
052146
052147
052148
052149
052151
052152
052152
052153
052155
052156
052157
052158
052159
052160
053161
054162
056164
057164
058164
059164
060164
061164
062164
063164
065164
066164
067164
068164
069164
070164
071164
072164
074162
075161
076160
076159
076158
076157
076156
076155
076153
076152
076151
076150
076149
076148
076147
076146
076144
076143
077142
078141
079140
080140
081140
082140
084140
085140
086140
087140
088140
089140
090140
091140
093140
094140
095140
096140
097139
098138
099137
100136
100134
100133
100132
100131
100130
100129
100128
100127
100125
100124
100123
100122
100121
100120
100119
100118
100116
100115
100114
100113
100112
100111
100110
100109
100107
100106
100105
100104
100103
100102
100101
100100
100098
100097
100096
100095
101094
102093
103092
104092
106092
107092
108092
109092
110092
111092
112092
113092
115092
116092
117092
118092
119092
120092
121092
122092
124092
125092
126092
127092
128092
129092
130092
131092
133092
134092
135092
136092
137092
138092
139092
140092
142092
143092
144092
145092
146092
147092
148092
149092
151092
152092
153092
154092
155092
156092
157092
158092
160092
161092
162092
163092
164092
165092
166092
167092
169093
170094
171095
172096
172097
172098
172099
172100
172102
172103
172104
172105
172106
172107
172108
172109
172111
172112
173113
174114
175115
176116
177116
178116
180116
181116
182116
183116
184116
185116
186116
187116
189116
190116
191116
192116
193117
194118
195119
196120
196122
196123
196124
196125
196126
196127
196128
196129
196131
196132
196133
196134
196135
196136
195137
194138
192140
191140
190140
189140
188140
187140
186140
185140
183140
182140
181140
180140
179140
178140
177140
176140
174141
173142
172143
172144
172145
172146
172147
172148
172150
172151
172152
172153
172154
172155
172156
172157
172159
172160
171161
170162
169163
168164
167164
166164
164164
163164
162164
161164
160164
159164
158164
157164
155164
154164
153164
152164
151164
150163
149162
148161
148159
148158
148157
148156
148155
148154
148153
148152
148150
148149
148148
148147
148146
148145
148144
148143
148141
148140
148139
148138
148137
148136
148135
148134
148132
148131
148130
148129
148128
148127
148126
148125
148123
148122
148121
148120
148119
148118
148117
148116
148114
148113
148112
148111
148110
148109
148108
148107
148105
148104
148103
148102
148101
148100
148099
148098
148096
148095
147094
146093
145092
144092
143092
142092
140092
139092
138092
137092
136092
135092
134092
133092
131092
130092
129092
128092
127092
126091
125090
124089
124087
124086
124085
124084
124083
124082
124081
124080
124078
124077
124076
124075
124074
124073
124072
124071
126069
127068
128068
129068
130068
131068
132068
133068
135068
136068
137068
138068
139068
140068
141068
142068
144068
145068
146068
147068
148068
149068
150068
151068
153068
154068
155068
156068
157068
158068
159068
160068
162068
163068
164068
165068
166068
167068
168068
169067
171065
172064
172063
172063
172062
172061
172060
172059
172058
172056
172055
172055
172054
172053
172052
172051
172050
172049
172047
172047
172046
172045
172044
172043
172042
172041
172040
172039
172038
172037
172036
172035
172034
172033
172032
172031
172031
174029
175028
176028
176028
177028
178028
179028
180028
181028
183028
184028
184028
185028
186028
187028
188028
189028
190028
192028
192028
192028
192028
193029
194030
195031
196032
196033
196034
196035
196036
196037
196039
196040
196040
197041
198042
199043
200044
200044
202044
203044
204044
205044
206044
208044
208044
209044
210044
211044
212044
214044
215044
216044
216044
216044
216044
216044
216044
216044
216044
216044
216044
216044
216044
216044
216044
216044
216044
216044
216044
216044
216044
216044
216044
216044
216044
216044
216044
216044
216044
216044
216044
216044
216044
216044
216044
216044
216044
216044
216044
216044
216044
216044
216044
216044
216044
216044
216044
216044
216044
216044
216044
216044
216044
216044
216044
216044
216044
216044
216044
216044
217045
218046
219047
220048
220049
220050
220052
220053
220054
220055
220056
220058
220059
220060
220061
220062
220064
219065
218066
217067
216068
215068
215068
215068
215068
215068
215068
215068
215068
215068
215068
215068
215068
215068
215068
215068
215068
215068
215068
215068
215068
215068
215068
215068
215068
215068
215068
215068
215068
215068
215068
215068
215068
215068
215068
215068
215068
215068
215068
215068
215068
215068
215068
215068
215068
215068
215068
215068
215068
215068
215068
215068
215068
215068
215068
215068
215068
215068
215068
213068
212068
211068
210068
209068
207068
206068
205068
204068
203068
201068
200068
199068
198068
197068
196068
194068
193068
192068
191068
190068
188068
188068
188068
188068
188068
188068
188068
188068
188068
188068
188068
188068
188068
188068
188068
188068
188068
188068
188068
188068
188068
188068
188068
188068
188068
188068
188068
188068
188068
188068
188068
188068
188068
188068
188068
188068
188068
188068
188068
188068
188068
188068
188068
188068
188068
188068
188068
188068
188068
188068
188068
188068
188068
188068
188068
188068
188068
188068
188068
188068
188068
188068
187068
186068
185068
184068
182068
181068
180068
179068
178068
177068
175068
174069
173070
172071
172072
172074
172075
172076
172077
172078
172080
172081
172082
172083
172084
172085
172087
172088
172089
172090
172091
172093
172094
172095
172096
172097
172099
172100
172101
172102
172103
172104
172106
172107
172108
172109
172110
172112
173113
174114
175115
REMARK:Push left until you see 1600, then push right
176116
178116
179116
180116
181116
182116
183116
185116
186116
187116
188116
189116
191116
192116
193117
194118
195119
196121
196122
196123
196124
196125
196126
196128
196129
196130
196131
196132
196134
196135
196136
196136
196136
196136
196136
196136
196136
196136
196136
196136
196136
196136
196136
196136
196136
196136
196136
196136
196136
196136
196136
196136
196136
196136
196136
196136
196136
196136
196136
196136
196136
196136
196136
196136
196136
196136
196136
196136
196136
196136
196136
196136
196136
196136
196136
196136
196136
196136
196136
196136
196136
196136
196136
196136
196136
196136
196136
196135
196134
196133
196132
196131
196130
196128
196127
196126
196125
196124
196122
196121
196120
196119
195118
193116
192116
191116
190116
189116
188116
187116
186116
184116
183116
182116
181116
180116
179116
178116
177116
175116
174115
173114
172113
172112
172111
172110
172109
172107
172106
172105
172104
172103
172102
172101
172100
172098
172097
172096
172095
171094
170093
169092
168092
166092
165092
164092
163092
162092
161092
160092
159092
157092
156092
155092
154092
153092
152092
151092
150092
148092
147092
146092
145092
144092
143092
142092
141092
139092
138092
137092
136092
135092
134092
133092
132092
130092
129092
128092
127092
126091
125090
124089
124088
124086
124085
124084
124083
124082
124081
124080
124079
124077
124076
124075
124074
124073
124072
124071
123070
121068
120068
119068
119068
118068
117068
116068
115068
114068
112068
111068
111068
110068
109068
108068
107068
106068
105068
103068
103068
102068
101068
100068
099068
098068
097068
096068
095068
094068
093068
092068
091068
090068
089068
088068
087068
087068
087068
087068
087068
087068
087068
087068
087068
087068
087068
087068
087068
087068
087068
087068
087068
087068
087068
087068
087068
087068
087068
087068
087068
087068
087068
087068
087068
087068
087068
087068
087068
087068
087068
087068
087068
087068
087068
087068
087068
087068
087068
087068
087068
087068
087068
087068
087068
087068
087068
087068
087068
087068
087068
087068
087068
087068
087068
087068
087068
087068
087068
087068
087068
087068
087068
087068
087068
087068
087068
087068
087068
087068
087068
087068
087068
087068
087068
087068
087068
087068
087068
087068
087068
087068
087068
087068
087068
087068
087068
087068
087068
087068
087068
087068
087068
087068
087068
087068
087068
087068
087068
087068
087068
087068
087068
087068
087068
087068
087068
087068
087068
087068
087068
087068
087068
087068
087068
087068
087068
087068
087068
087068
087068
087068
087068
087068
087068
087068
087068
087068
087068
087068
087068
087068
087068
087068
087068
087068
087068
087068
087068
087068
087068
087068
087068
087068
087068
087068
087068
087068
087068
087068
087068
087068
087068
087068
087068
087068
087068
087068
087068
087068
087068
087068
087068
087068
087068
087068
087068
087068
087068
087068
087068
087068
087068
087068
087068
087068
087068
087068
087068
087068
087068
087068
087068
087068
087068
087068
087068
087068
087068
087068
087068
087068
087068
087068
087068
087068
087068
087068
087068
087068
087068
087068
087068
087068
087068
087068
087068
087068
087068
087068
