196128
196128
196128
196128
196128
196128
196128
196128
196128
196128
196128
196128
196128
196128
196128
196128
196128
196128
196128
196128
196128
196128
196128
196128
196128
196128
196128
196128
196128
196128
196128
196128
196128
196128
196128
196128
196128
196128
196128
196128
196128
196128
196128
196128
196128
196128
196128
196128
196128
196128
196128
196128
196128
196128
196128
196128
196128
196128
196128
196128
196128
196128
196128
196128
196128
196128
196128
196128
196128
196128
196128
196128
196128
196128
196128
196128
196128
196128
196128
196128
196128
196128
196128
196128
196128
196128
196128
196128
196128
196128
196128
196128
196128
196128
196128
196128
196128
196128
196128
196128
196128
196128
196128
196128
196128
196128
196128
196128
196128
196128
196128
196128
196128
196128
196128
196128
196128
196128
196128
196130
196131
196132
196133
196134
196135
196136
196136
196137
196139
196140
196141
196142
196143
196144
196144
196145
196146
196148
196149
196150
196151
196152
196152
196153
196154
196155
196157
196158
196159
196160
196160
196161
196162
196163
196164
196166
196167
196168
196168
196169
196170
196171
196172
196173
196175
196176
196176
196177
196178
196179
196180
196181
196182
196184
196184
197185
198186
199187
200188
200188
201188
202188
203188
205188
206188
207188
208188
208188
209188
210188
211188
212188
214188
215188
216188
216188
217189
218190
219191
220192
220192
220193
220195
220196
220197
220198
220199
220200
220200
220201
220202
220204
220205
220206
220207
220208
220208
220209
220210
220211
220213
220214
220215
220216
220216
220217
220218
220219
220220
220222
220223
220224
220224
221225
222226
223227
224228
224228
225228
227228
228228
229228
230228
231228
232228
232228
233228
234228
236228
237228
238228
239228
240228
240228
241227
242226
243225
244223
244223
244222
244221
244220
244219
244218
244217
244216
244215
244214
244213
244212
244211
244210
244209
244208
244207
244207
244205
244204
244203
244202
244201
244200
244199
244199
244198
244196
244195
244194
244193
244192
244191
244191
244190
244189
244187
244186
244185
244184
244183
244183
244182
244181
244180
244178
244177
244176
244175
244175
244174
244173
244172
244171
244169
244168
244167
244167
244166
244165
244164
244163
244162
244160
244159
244159
244158
244157
244156
244155
244154
244153
244151
244151
244150
244149
244148
244147
244146
244145
244144
244143
244142
244141
244140
244139
244138
244137
244136
244135
244135
244133
244132
244131
244130
244129
244128
244127
244127
244126
244124
244123
244122
244121
244120
244119
244119
244118
244117
244115
244114
244113
244112
244111
244111
244110
244109
244108
244106
244105
244104
244103
244103
244102
244101
244100
244099
244097
244096
244095
244095
244094
244093
244092
244091
244090
244088
244087
244087
244086
244085
244084
244083
244082
244081
244079
244079
244078
244077
244076
244075
244074
244073
244072
244071
244070
244069
244068
244067
244066
244065
244064
244063
244063
244061
244060
244059
244058
244057
244056
244055
244055
244054
244052
244051
244050
244049
244048
244047
244047
244046
244045
244043
244042
244041
244040
244039
244039
244038
244037
244036
244034
244033
244032
244031
244031
243030
242029
241028
240028
239028
238028
237028
236028
235028
234028
233028
232028
231028
231028
229028
228028
227028
226028
225028
224028
223028
223028
222029
220031
220032
220032
220033
220034
220035
220036
220037
220038
220040
220040
220041
220042
220043
220044
220045
220046
220047
220048
220049
220050
220051
220052
220053
220054
220055
220056
220056
220058
220059
220060
220061
220062
220063
220064
220064
219065
217067
216068
215068
215068
214068
213068
212068
211068
210068
208068
207068
207068
206068
205068
204068
203068
202068
201068
199068
199068
198068
197068
196068
195068
194068
193068
192068
191068
190068
189068
188068
187068
186068
185068
184068
183068
183068
181068
180068
179068
178068
177068
176068
175068
175068
174069
172071
172072
172072
172073
172074
172075
172076
172077
172078
172080
172080
172081
172082
172083
172084
172085
172086
172087
172088
172089
172090
172091
172092
172093
172094
172095
172096
172096
172098
172099
172100
172101
172102
172103
172104
172104
172105
172107
172108
172109
172110
172111
172112
172112
173113
174114
176116
176116
177116
178116
179116
180116
181116
182116
183116
184116
185116
186116
187116
188116
189116
190116
191116
192116
192116
194114
195113
196112
196111
196111
196110
196109
196108
196107
196105
196104
196103
196103
196102
196101
196100
196099
196098
196096
196095
196095
197094
198093
199092
200092
200092
201092
202092
204092
205092
206092
207092
208092
208092
209092
210092
211092
213092
214092
215092
216092
216092
217093
218094
219095
220096
220096
220098
220099
220100
220101
220102
220103
220104
220104
220105
220107
220108
220109
220110
220111
220112
220112
221113
222114
224116
224116
225116
226116
227116
228116
229116
230116
231116
232116
233116
234116
235116
236116
237116
238116
239116
240116
242118
243119
244120
244121
244122
244123
244124
244125
244127
244128
244129
244130
244131
244132
244133
244134
244136
243137
242138
241139
240140
239140
239140
238140
237140
235140
234140
233140
232140
231140
231140
230140
229140
228140
226140
225140
224140
223140
223140
222141
221142
220143
220144
220144
220146
220147
220148
220149
220150
220151
220152
220152
220153
220155
220156
220157
220158
220159
220160
220160
219161
218162
216164
215164
215164
214164
213164
212164
211164
210164
209164
207164
207164
206164
205164
204164
203164
202164
201164
200164
198165
197166
196167
196168
196169
196170
196171
196172
196174
196175
196176
196177
196178
196179
196180
196181
196183
196184
195185
194186
193187
192188
191188
191188
190188
188188
187188
186188
185188
184188
183188
183188
182188
181188
179188
178188
177188
176188
175188
175188
174187
173186
172185
172183
172183
172182
172181
172180
172179
172178
172177
172176
172175
172174
172173
172172
172171
172170
172169
172168
172167
172167
170165
169164
168164
167164
166164
165164
164164
163164
161164
160164
159164
158164
157164
156164
155164
154164
152164
151164
150163
149162
148161
148160
148159
148158
148156
148155
148154
148153
148152
148151
148150
148149
148147
148146
148145
148144
148143
148142
148141
148140
148138
148137
148136
148135
148134
148133
148132
148131
148129
148128
148127
148126
148125
148124
148123
148122
148120
148119
148118
148117
148116
148115
148114
148113
148111
148110
148109
148108
148107
148106
148105
148104
148102
148101
148100
148099
148098
148097
148096
148095
150093
151092
152092
153092
154092
155092
156092
157092
159092
160092
161092
162092
163092
164092
165092
166092
168092
169091
170090
171089
172088
172087
172086
172085
172083
172082
172081
172080
172079
172078
172077
172076
172074
172073
172072
172071
171070
170069
169068
168068
167068
166068
165068
164068
163068
162068
161068
160068
159068
159068
157068
156068
155068
154068
153068
152068
151068
151068
150068
148068
147068
146068
145068
144068
143068
143068
142068
141068
139068
138068
137068
136068
135068
135068
134068
133068
132068
130068
129068
128068
127068
127068
126067
125066
124065
124064
124062
124061
124060
124059
124058
124057
124056
124055
124053
124052
124051
124050
124049
124048
124047
124046
124044
124043
124042
124041
124040
124039
124038
124037
124035
124034
124033
124032
124031
124030
124029
124028
124026
124025
124024
124023
124022
124021
124020
124019
124017
124016
124015
124014
124013
124012
124011
124010
124008
124007
124006
124005
124004
124003
124002
124001
124255
124254
124253
124252
124251
124250
124249
124248
124246
124245
124244
124243
124242
124241
124240
124239
124237
124236
124235
124234
124233
124232
124231
124230
124228
124227
124226
124225
124224
124223
124222
124221
124219
124218
124217
124216
124215
124214
124213
124212
124210
124209
124208
124207
124206
124205
124204
124203
124201
124200
124199
124198
124197
124196
124195
124194
124192
124191
124191
123190
122189
121188
120188
119188
119188
118188
116188
115188
114188
113188
112188
111188
111188
110188
109188
107188
106188
105188
104188
103188
103188
102188
101188
100188
098188
097188
096188
095188
095188
094188
093188
092188
091188
089188
088188
087188
087188
086188
085188
084188
083188
082188
080188
079188
079188
078188
077188
076188
075188
074188
073188
071188
071188
070188
069188
068188
067188
066188
065188
064188
063188
062188
061188
060188
059188
058188
057188
056188
055188
055188
053186
052185
052184
052183
052183
052182
052181
052180
052179
052177
052176
052175
052175
052174
052173
052172
052171
052170
052168
052167
052167
052166
052165
052164
052163
052162
052161
052159
052159
052158
052157
052156
052155
052154
052153
052152
052151
052150
052149
052148
052147
052146
052145
052144
052143
052143
052141
052140
052139
052138
052137
052136
052135
052135
052134
052132
052131
052130
052129
052128
052127
052127
052126
052125
052123
052122
052121
052120
052119
052119
052118
052117
052116
052114
052113
052112
052111
052111
052110
052109
052108
052107
052105
052104
052103
052103
052102
052101
052100
052099
052098
052096
052095
052095
052094
052093
052092
052091
052090
052089
052087
052087
052086
052085
052084
052083
052082
052081
052080
052079
052078
052077
052076
052075
052074
052073
052072
052071
052071
054069
055068
056068
056068
057068
058068
059068
060068
061068
063068
064068
064068
065068
066068
067068
068068
069068
070068
072068
072068
073068
074068
075068
076068
077068
078068
079068
080068
081068
082068
083068
084068
085068
086068
087068
088068
088068
090068
091068
092068
093068
094068
095068
096068
096068
097068
099068
100068
101068
102068
103068
104068
104068
105068
106068
108068
109068
110068
111068
112068
112068
113068
114068
115068
117068
118068
119068
120068
121068
122068
123068
124068
126068
127068
128068
129068
130068
131068
132068
133068
135068
136068
137068
138068
139068
140068
141068
142068
144068
145068
146068
147068
148068
149068
150068
151068
153068
154068
155068
156068
157068
158068
159068
160068
162068
163068
164068
165068
166068
167068
168068
169067
171065
172064
172063
172063
172062
172061
172060
172059
172058
172056
172055
172055
172054
172053
172052
172051
172050
172049
172047
172047
172046
172045
172044
172043
172042
172041
172040
172039
172038
172037
172036
172035
172034
172033
172032
172031
172031
174029
175028
176028
176028
177028
178028
179028
180028
181028
183028
184028
184028
185028
186028
187028
188028
189028
190028
192028
192028
192028
192028
192028
194030
195031
196032
196032
196033
196034
196035
196036
196037
196039
196040
196040
197041
198042
199043
200044
200044
201044
202044
204044
205044
206044
207044
208044
208044
209044
210044
211044
213044
214044
215044
216044
217045
218046
219047
220048
220050
220051
220052
220053
220054
220055
220056
220057
220059
220060
220061
220062
220063
220064
219065
218066
216068
215068
214068
213068
212068
211068
210068
209068
207068
206068
205068
204068
203068
202068
201068
200068
198069
197070
196071
196072
196072
196073
196074
196075
196076
196078
196079
196080
196080
196081
196082
196083
196084
196085
196087
196088
196089
196090
196091
196092
196093
196094
196096
196097
196098
196099
196100
196101
196102
196103
196105
196106
196107
196108
196109
196110
196111
196112
196114
196115
196116
196117
196118
196119
196120
196121
196123
196124
196125
196126
196127
196128
196129
196130
196132
196133
196134
196135
196136
195137
194138
193139
191140
191140
190140
189140
188140
187140
186140
185140
184140
183140
182140
181140
180140
179140
178140
177140
176140
175140
175140
173142
172143
172144
172144
172145
172146
172147
172148
172149
172151
172152
172152
172153
172154
172155
172156
172157
172158
172160
172161
172162
172163
172164
172165
172166
172167
172169
172170
172171
172172
172173
172174
172175
172176
172178
172179
172180
172181
172182
172183
172184
173185
175187
176188
177188
178188
179188
180188
181188
182188
184188
185188
186188
187188
188188
189188
190188
191188
193188
194188
195188
196188
197188
198188
199188
200188
202188
203188
204188
205188
206188
207188
208188
209188
211188
212188
213188
214188
215188
216188
217189
218190
220192
220193
220194
220195
220196
220197
220198
220199
220201
220202
220203
220204
220205
220206
220207
220208
218210
217211
216212
215212
215212
214212
213212
212212
211212
209212
208212
207212
207212
206212
205212
204212
203212
202212
200212
199212
199212
198213
197214
196215
196216
196216
196217
196218
196220
196221
196222
196223
196224
196224
196224
196224
195225
194226
193227
192228
191228
191228
190228
189228
187228
186228
185228
184228
183228
183228
182228
181228
180228
178228
177228
176228
175228
175228
174227
173226
172225
172224
172223
172222
172221
172220
172219
172218
172217
172216
172215
172215
172213
172212
172211
172210
172209
172208
172207
172207
172206
172204
172203
172202
172201
172200
172199
172199
172198
172197
172195
172194
172193
172192
172191
171190
170189
169188
167188
167188
166188
165188
164188
163188
162188
161188
160188
159188
158188
157188
156188
155188
154188
153188
152188
151188
151188
149188
148188
147188
146188
145188
144188
143188
143188
142188
140188
139188
138188
137188
136188
135188
135188
134188
133188
131188
130188
129188
128188
127188
126188
125188
124188
122188
121188
120188
119188
118188
117188
116188
115188
113188
112188
111188
110188
109188
108188
107188
106188
104188
103188
102188
101188
100188
099188
098188
097188
095188
094188
093188
092188
091188
090188
089188
088188
086188
085188
084188
083188
082188
081188
080188
079188
077190
076191
076192
076192
076193
076194
076195
076196
076197
076199
076200
076200
076201
076202
076203
076204
076205
076206
076208
076208
076209
076210
076211
076212
076213
076214
076215
076216
076217
076218
076219
076220
076221
076222
076223
076224
076224
074226
073227
072228
071228
071228
070228
069228
068228
067228
065228
064228
063228
063228
062228
061228
060228
059228
058228
056228
055228
055228
054227
053226
052225
052224
052223
052223
052222
052220
052219
052218
052217
052216
052215
052215
052214
052213
052211
052210
052209
052208
052207
052207
052206
052205
052204
052202
052201
052200
052199
052199
052198
052197
052196
052195
052193
052192
052191
051190
050189
049188
048188
047188
047188
045188
044188
043188
042188
041188
040188
039188
039188
038188
036188
035188
034188
033188
032188
031188
031188
030188
029188
027188
026188
025188
024188
023188
023188
022187
021186
020185
020183
020183
020182
020181
020180
020179
020178
020177
020176
020175
020174
020173
020172
020171
020170
020169
020168
020167
020167
020165
020164
020163
020162
020161
020160
020159
020159
020158
020156
020155
020154
020153
020152
020151
020151
020150
020149
020147
020146
020145
020144
020143
020143
021142
022141
023140
024140
025140
026140
027140
028140
029140
030140
031140
032140
032140
034140
035140
036140
037140
038140
039140
040140
040140
041140
043140
044140
045140
046140
047140
048140
049141
050142
052144
052145
052146
052147
052148
052149
052150
052151
052153
052154
052155
052156
052157
052158
052159
052160
054162
055163
056164
056164
057164
058164
059164
060164
061164
063164
064164
064164
065164
066164
067164
068164
069164
070164
072164
072164
073163
074162
075161
076160
076159
076159
076158
076157
076155
076154
076153
076152
076151
076151
076150
076149
076148
076146
076145
076144
076143
076143
077142
078141
079140
080140
082140
083140
084140
085140
086140
087140
088140
089140
091140
092140
093140
094140
095140
096140
097141
098142
100144
100145
100146
100147
100148
100149
100150
100151
100153
100154
100155
100156
100157
100158
100159
100160
102162
103163
104164
105164
106164
107164
108164
109164
111164
112164
113164
114164
115164
116164
117164
118164
120164
121164
122164
123164
124164
125164
126164
127164
129164
130164
131164
132164
133164
134164
135164
136164
138164
139164
140164
141164
142164
143164
144164
145163
147161
148160
148159
148158
148157
148156
148155
148154
148152
148151
148150
148149
148148
148147
148146
148145
148143
148142
148141
148140
148139
148138
148137
148136
148134
148133
148132
148131
148130
148129
148128
148127
148125
148124
148123
148122
148121
148120
148119
148118
148116
148115
148114
148113
148112
148111
148110
148109
148107
148106
148105
148104
148103
148102
148101
148100
148098
148097
148096
148095
147094
146093
145092
144092
142092
141092
140092
139092
138092
137092
136092
135092
133092
132092
131092
130092
129092
128092
127092
126092
124092
123092
122092
121092
120092
119092
118092
117092
115092
114092
113092
112092
111092
110092
109092
108092
106092
105092
104092
103092
102093
101094
100095
100096
100098
100099
100100
100101
100102
100103
100104
100105
100107
100108
100109
100110
100111
100112
099113
098114
096116
095116
094116
093116
092116
091116
090116
089116
087116
086116
085116
084116
083116
082116
081116
080116
079116
078115
077114
076113
076112
076111
076111
076110
076109
076108
076106
076105
076104
076103
076103
076102
076101
076100
076099
076097
076096
076095
076095
075094
074093
073092
072092
071092
071092
069092
068092
067092
066092
065092
064092
063092
063092
062092
060092
059092
058092
057092
056092
055092
054091
053090
052088
052087
052086
052085
052084
052083
052082
052081
052079
052078
052077
052076
052075
052074
052073
052072
052070
052069
052068
052067
052066
052065
052064
052063
052063
052061
052060
052059
052058
052057
052056
052055
052055
052054
052052
052051
052050
052049
052048
052047
052047
052046
052045
052043
052042
052041
052040
052039
052039
052038
052037
052036
052034
052033
052032
052031
052031
053030
054029
055028
056028
056028
058028
059028
060028
061028
062028
063028
064028
064028
065028
067028
068028
069028
070028
071028
072028
072028
073029
074030
076032
076032
076033
076034
076035
076036
076037
076038
076039
076040
076041
076042
076043
076044
076045
076046
076047
076048
076048
076050
076051
076052
076053
076054
076055
076056
076056
076057
076059
076060
076061
076062
076063
076064
075065
074066
072068
071068
070068
069068
068068
067068
066068
065068
063068
062068
061068
060068
059068
058068
057068
056068
054068
053068
052068
051068
050068
049068
048068
047068
047068
045068
044068
043068
042068
041068
040068
039068
039068
038068
036068
035068
034068
033068
032068
031068
031068
030068
029068
027068
026068
025068
024068
023068
023068
022067
021066
020065
020063
020063
020062
020061
020060
020059
020058
020057
020056
020055
020054
020053
020052
020051
020050
020049
020048
020047
020047
020045
020044
020043
020042
020041
020040
020039
020039
020038
020036
020035
020034
020033
020032
020031
020031
021030
022029
024028
024028
025028
026028
027028
028028
029028
030028
031028
032028
032028
032028
032028
033028
034028
035028
036028
038028
039028
040028
040028
041028
042028
043028
044028
045028
047028
048028
049029
050030
051031
052032
052033
052034
052036
052037
052038
052039
052040
052041
052042
052043
052045
052046
052047
052048
052049
052050
052051
052052
052054
052055
052056
052057
052058
052059
052060
052061
052063
052064
051065
050066
049067
048068
047068
046068
044068
043068
042068
041068
040068
039068
038068
037068
035068
034068
033068
032068
031068
030068
029068
028068
026068
025068
024068
023068
022069
021070
020071
020072
020072
020074
020075
020076
020077
020078
020079
020080
020080
020081
020083
020084
020085
020086
020087
020088
020088
020089
020090
020092
020093
020094
020095
020096
020096
020097
020098
020099
020101
020102
020103
020104
020104
020105
020106
020107
020108
020110
020111
020112
020112
021113
022114
023115
024116
024116
025116
027116
028116
029116
030116
031116
032116
032116
033116
034116
036116
037116
038116
039116
040116
040116
041116
042116
043116
045116
046116
047116
048116
049117
050118
051119
052120
052122
052123
052124
052125
052126
052127
052128
052129
052131
052132
052133
052134
052135
052136
052137
052138
052140
052141
052142
052143
052144
052145
052146
052147
052149
052150
052151
052152
052153
052154
052155
052156
052158
052159
052160
052161
052162
052163
052164
052165
052167
052168
052169
052170
052171
052172
052173
052174
052176
052177
052178
052179
052180
052181
052182
052183
051185
050186
049187
048188
047188
046188
045188
044188
042188
041188
040188
039188
038188
037188
036188
035188
033188
032188
031188
030188
029188
028188
027188
026188
024188
023188
022189
021190
020191
020192
020192
020193
020194
020196
020197
020198
020199
020200
020200
020201
020202
020203
020205
020206
020207
020208
020208
020209
020210
020211
020212
020214
020215
020216
020216
020217
020218
020219
020220
020221
020223
020224
020224
021225
022226
023227
024228
024228
025228
026228
028228
029228
030228
031228
032228
032228
032228
032228
033228
034228
035228
036228
037228
038228
039228
040228
040228
040228
040228
040228
040228
040228
040228
040228
040228
040228
040228
040228
040228
040228
040228
040228
040228
040228
040228
040228
040228
040228
040228
040228
040228
040228
040228
040228
040228
040228
040228
040228
040228
040228
040228
040228
040228
040228
040228
040228
040228
040228
040228
040228
040228
040228
040228
040228
040228
040228
040228
040228
040228
040228
040228
040228
040228
040228
040228
040228
040228
040228
040228
040228
040228
040228
040228
040228
040228
040228
040228
040228
040228
040228
040228
040228
040228
040228
040228
040228
040228
040228
040228
040228
040228
040228
040228
040228
040228
040228
040228
040228
040228
040228
040228
040228
040228
040228
040228
040228
040228
040228
040228
040228
040228
040228
040228
040228
040228
040228
040228
040228
040228
040228
040228
040228
040228
040228
040228
040228
040228
040228
040228
040228
040228
040228
040228
040228
040228
040228
040228
040228
040228
040228
040228
040228
040228
040228
040228
040228
040228
040228
040228
040228
040228
040228
040228
040228
040228
040228
040228
040228
040228
040228
040228
040228
040228
040228
040228
040228
040228
040228
040228
040228
040228
040228
040228
040228
040228
040228
040228
040228
040228
040228
040228
040228
040228
040228
040228
040228
040228
040228
040228
040228
040228
040228
040228
040228
040228
040228
040228
040228
040228
040228
040228
040228
040228
040228
040228
040228
040228
040228
040228
040228
040228
040228
040228
040228
040228
040228
040228
040228
040228
