196128
196128
196128
196128
196128
196128
196128
196128
196128
196128
196128
196128
196128
196128
196128
196128
196128
196128
196128
196128
196128
196128
196128
196128
196128
196128
196128
196128
196128
196128
196128
196128
196128
196128
196128
196128
196128
196128
196128
196128
196128
196128
196128
196128
196128
196128
196128
196128
196128
196128
196128
196128
196128
196128
196128
196128
196128
196128
196128
196128
196128
196128
196128
196128
196128
196128
196128
196128
196128
196128
196128
196128
196128
196128
196128
196128
196128
196128
196128
196128
196128
196128
196128
196128
196128
196128
196128
196128
196128
196128
196128
196128
196128
196128
196128
196128
196128
196128
196128
196128
196128
196128
196128
196128
196128
196128
196128
196128
196128
196128
196128
196128
196128
196128
196128
196128
196128
196128
196128
196130
196131
196132
196133
196134
196135
196136
196136
196137
196139
196140
196141
196142
196143
196144
196144
196145
196146
196148
196149
196150
196151
196152
196152
196153
196154
196155
196157
196158
196159
196160
196160
196161
196162
196163
196164
196166
196167
196168
196168
196169
196170
196171
196172
196173
196175
196176
196176
196177
196178
196179
196180
196181
196182
196184
196184
197185
198186
199187
200188
200188
201188
202188
203188
205188
206188
207188
208188
208188
209188
210188
211188
212188
214188
215188
216188
216188
217189
218190
219191
220192
220192
220193
220195
220196
220197
220198
220199
220200
220200
220201
220202
220204
220205
220206
220207
220208
220208
220209
220210
220211
220213
220214
220215
220216
220216
220217
220218
220219
220220
220222
220223
220224
220224
221225
222226
223227
224228
224228
225228
227228
228228
229228
230228
231228
232228
232228
233228
234228
236228
237228
238228
239228
240228
240228
241227
242226
243225
244223
244223
244222
244221
244220
244219
244218
244217
244216
244215
244214
244213
244212
244211
244210
244209
244208
244207
244207
244205
244204
244203
244202
244201
244200
244199
244199
244198
244196
244195
244194
244193
244192
244191
244191
244190
244189
244187
244186
244185
244184
244183
244183
244182
244181
244180
244178
244177
244176
244175
244175
244174
244173
244172
244171
244169
244168
244167
244167
244166
244165
244164
244163
244162
244160
244159
244159
244158
244157
244156
244155
244154
244153
244151
244151
244150
244149
244148
244147
244146
244145
244144
244143
244142
244141
244140
244139
244138
244137
244136
244135
244135
244133
244132
244131
244130
244129
244128
244127
244127
244126
244124
244123
244122
244121
244120
244119
244119
243118
242117
240116
239116
239116
238116
237116
236116
235116
234116
233116
231116
231116
230116
229116
228116
227116
226116
225116
224116
223116
222115
221114
220113
220112
220111
220111
220110
220109
220108
220106
220105
220104
220103
220103
220102
220101
220100
220099
220097
220096
220095
220095
219094
218093
217092
216092
215092
215092
213092
212092
211092
210092
209092
208092
207092
207092
206092
204092
203092
202092
201092
200092
199092
199092
198093
197094
196096
196096
196097
196098
196099
196100
196101
196102
196103
196104
196105
196106
196107
196108
196109
196110
196111
196112
196112
194114
193115
192116
191116
191116
190116
189116
188116
187116
185116
184116
183116
183116
182116
181116
180116
179116
178116
176116
175116
175116
174115
173114
172113
172112
172111
172111
172110
172108
172107
172106
172105
172104
172103
172103
172102
172101
172099
172098
172097
172096
172095
172095
172094
172093
172092
172090
172089
172088
172087
172087
172086
172085
172084
172083
172081
172080
172079
172079
172078
172077
172076
172075
172074
172072
172071
172071
171070
170069
169068
168068
167068
167068
166068
164068
163068
162068
161068
160068
159068
159068
158068
157068
155068
154068
153068
152068
151068
151068
150068
149068
148068
146068
145068
144068
143068
143068
142068
141068
140068
139068
137068
136068
135068
135068
134068
133068
132068
131068
130068
128068
127068
127068
126067
125066
124065
124064
124063
124062
124060
124059
124058
124057
124056
124055
124054
124053
124051
124050
124049
124048
124047
124046
124045
124044
124042
124041
124040
124039
124038
124037
124036
124035
124033
124032
124031
124030
124029
124028
124027
124026
124024
124023
124022
124021
124020
124019
124018
124017
124015
124014
124013
124012
124011
124010
124009
124008
124006
124005
124004
124003
124002
124001
124000
124255
124253
124252
124251
124250
124249
124248
124247
124246
124244
124243
124242
124241
124240
124239
124238
124237
124235
124234
124233
124232
124231
124230
124229
124228
124226
124225
124224
124223
124222
124221
124220
124219
124217
124216
124215
124214
124213
124212
124211
124210
124208
124207
124206
124205
124204
124203
124202
124201
124199
124198
124197
124196
124195
124194
124193
124192
124191
123190
122189
121188
120188
119188
119188
118188
117188
116188
114188
113188
112188
111188
111188
110188
109188
108188
107188
105188
104188
103188
103188
102188
101188
100188
099188
098188
096188
095188
095188
094188
093188
092188
091188
090188
089188
087188
087188
086188
085188
084188
083188
082188
081188
080188
079188
078188
077188
076188
075188
074188
073188
072188
071188
071188
069188
068188
067188
066188
065188
064188
063188
063188
062188
060188
059188
058188
057188
056188
055188
055188
054188
053188
051188
050188
049188
048188
047188
047188
046188
045188
044188
042188
041188
040188
039188
039188
038188
037188
036188
035188
033188
032188
031188
031188
030188
029188
028188
027188
026188
024188
023188
023188
022187
021186
020185
020184
020183
020183
020182
020180
020179
020178
020177
020176
020175
020175
020174
020173
020171
020170
020169
020168
020167
020167
020166
020165
020164
020162
020161
020160
020159
020159
020158
020157
020156
020155
020153
020152
020151
020151
020150
020149
020148
020147
020146
020144
020143
020143
021142
022141
023140
024140
024140
025140
026140
028140
029140
030140
031140
032140
032140
033140
034140
035140
037140
038140
039140
040140
040140
041140
042140
043140
044140
046140
047140
048140
048140
049139
050138
051137
052136
052135
052135
052133
052132
052131
052130
052129
052128
052127
052127
052126
052124
052123
052122
052121
052120
052119
052119
052118
052117
052115
052114
052113
052112
052111
052111
052110
052109
052108
052106
052105
052104
052103
052103
052102
052101
052100
052099
052097
052096
052095
052095
053094
054093
055092
056092
056092
057092
059092
060092
061092
062092
063092
064092
064092
065092
066092
068092
069092
070092
071092
072092
072092
073093
074094
075095
076096
076097
076098
076099
076100
076101
076102
076103
076104
076104
076106
076107
076108
076109
076110
076111
076112
076112
077113
079115
080116
081116
082116
083116
084116
085116
086116
088116
089116
090116
091116
092116
093116
094116
095116
097115
098114
099113
100112
100111
100110
100109
100108
100106
100105
100104
100103
100102
100101
100100
100099
100097
100096
100095
101094
102093
103092
104092
105092
107092
108092
109092
110092
111092
112092
113092
114092
116092
117092
118092
119092
120092
121092
122092
123092
125092
126092
127092
128092
129092
130092
131092
132092
134092
135092
136092
137092
138092
139092
140092
141092
143092
144092
145093
146094
147095
148096
148097
148098
148100
148101
148102
148103
148104
148105
148106
148107
148109
148110
148111
148112
148113
148114
148115
148116
148118
148119
148120
148121
148122
148123
148124
148125
148127
148128
148129
148130
148131
148132
148133
148134
148136
148137
148138
148139
148140
148141
148142
148143
148145
148146
148147
148148
148149
148150
148151
148152
148154
148155
148156
148157
148158
148159
148160
149161
151163
152164
153164
154164
155164
156164
157164
158164
160164
161164
162164
163164
164164
165164
166164
167164
168164
169163
170162
171161
172160
172159
172159
172158
172157
172156
172154
172153
172152
172151
172151
172150
172149
172148
172147
172145
172144
172143
172143
173142
174141
175140
176140
176140
177140
179140
180140
181140
182140
183140
184140
184140
185140
186140
188140
189140
190140
191140
192140
193139
194138
195137
196135
196134
196133
196132
196131
196130
196129
196128
196126
196125
196124
196123
196122
196121
196120
196119
196117
196116
196115
196114
196113
196112
196111
196110
196108
196107
196106
196105
196104
196103
196102
196101
196099
196098
196097
196096
196095
196094
196093
196092
196090
196089
196088
196087
196087
196086
196085
196084
196083
196081
196080
196079
196079
196078
196077
196076
196075
196074
196072
196071
196071
195070
194069
193068
192068
191068
191068
190068
188068
187068
186068
185068
184068
183068
183068
182068
181068
179068
178068
177068
176068
175068
174068
173068
172068
170068
169068
168068
167068
166068
165068
164068
163068
161068
160068
159068
158068
157068
156068
155068
154068
152068
151068
150068
149068
148068
147068
146068
145068
143068
142068
141068
140068
139068
138068
137068
136068
134068
133068
132068
131068
130068
129068
128068
127068
125068
124068
123068
122068
121068
120068
119068
119068
118068
116068
115068
114068
113068
112068
111068
111068
110068
109068
107068
106068
105068
104068
103068
103068
102068
101068
100068
098068
097068
096068
095068
095068
094068
093068
092068
091068
089068
088068
087068
087068
086068
085068
084068
083068
082068
080068
079068
079068
078068
077068
076068
075068
074068
073068
071068
071068
070068
069068
068068
067068
066068
065068
064068
063068
062068
061068
060068
059068
058068
057068
056068
055068
055068
053070
052071
052072
052072
052073
052074
052075
052076
052077
052079
052080
052080
052081
052082
052083
052084
052085
052086
052088
052089
052090
052091
052092
052093
052094
052095
052097
052098
052099
052100
052101
052102
052103
052104
052106
052107
052108
052109
052110
052111
052112
052113
052115
052116
052117
052118
052119
052120
052121
052122
052124
052125
052126
052127
052128
052129
052130
052131
052133
052134
052135
052136
052137
052138
052139
052140
052142
052143
052144
052144
052145
052146
052147
052148
052149
052151
052152
052152
052153
052154
052155
052156
052157
052158
052160
052160
052161
052162
052163
052164
052165
052166
052167
052168
052169
052170
052171
052172
052173
052174
052175
052176
052176
052178
052179
052180
052181
052182
052183
052184
053185
055187
056188
057188
058188
059188
060188
061188
062188
064188
065188
066188
067188
068188
069188
070188
071188
073188
074188
075188
076188
077188
078188
079188
080188
082188
083188
084188
085188
086188
087188
088188
089188
091188
092188
093188
094188
095188
096188
097188
098188
100188
101188
102188
103188
104188
105188
106188
107188
109188
110188
111188
112188
113188
114188
115188
116188
118188
119188
120188
121188
122188
123188
124188
125188
127188
128188
128188
129188
130188
131188
132188
133188
134188
136188
136188
137188
138188
139188
140188
141188
142188
143188
144188
145188
146188
147188
148188
149188
150188
151188
152188
152188
154188
155188
156188
157188
158188
159188
160188
160188
161188
163188
164188
165188
166188
167188
168188
168188
169188
170188
172188
173188
174188
175188
176188
176188
177188
178188
179188
181188
182188
183188
184188
184188
185188
186188
187188
188188
190188
191188
192188
193187
194186
195185
196184
196183
196181
196180
196179
196178
196177
196176
196175
196174
196172
196171
196170
196169
196168
196167
197166
198165
200164
200164
201164
202164
203164
204164
205164
206164
207164
208164
209164
210164
211164
212164
213164
214164
215164
216164
216164
218162
219161
220160
220159
220159
220158
220157
220156
220155
220153
220152
220151
220151
220150
220149
220148
220147
220146
220144
220143
220143
221142
222141
223140
224140
224140
225140
226140
228140
229140
230140
231140
232140
232140
233140
234140
235140
237140
238140
239140
240140
241139
242138
243137
244136
244134
244133
244132
244131
244130
244129
244128
244127
244125
244124
244123
244122
244121
244120
244119
244118
244116
244115
244114
244113
244112
244111
244111
244110
244109
244107
244106
244105
244104
244103
244103
244102
244101
244100
244098
244097
244096
244095
244095
244094
244093
244092
244091
244089
244088
244087
244087
244086
244085
244084
244083
244082
244080
244079
244079
244078
244077
244076
244075
244074
244073
244071
244071
244070
244069
244068
244067
244066
244065
244064
244063
244062
244061
244060
244059
244058
244057
244056
244055
244055
244053
244052
244051
244050
244049
244048
244047
244047
244046
244044
244043
244042
244041
244040
244039
244039
244038
244037
244035
244034
244033
244032
244031
244031
243030
242029
241028
239028
239028
238028
237028
236028
235028
234028
233028
232028
231028
230028
229028
228028
227028
226028
225028
224028
223028
223028
221030
220031
220032
220032
220033
220034
220035
220036
220037
220039
220040
220040
220041
220042
220043
220044
220045
220046
220048
220048
220049
220050
220051
220052
220053
220054
220055
220056
220057
220058
220059
220060
220061
220062
220063
220064
220064
218066
217067
216068
215068
215068
214068
213068
212068
211068
209068
208068
207068
207068
206068
205068
204068
203068
202068
200068
199068
198069
197070
196071
196072
196073
196074
196076
196077
196078
196079
196080
196081
196082
196083
196085
196086
196087
196088
196089
196090
196091
196092
196094
196095
196096
196097
196098
196099
196100
196101
196103
196104
196105
196106
196107
196108
196109
196110
196112
196113
196114
196115
196116
196117
196118
196119
196121
196122
196123
196124
196125
196126
196127
196128
196130
196131
196132
196133
196134
196135
196136
196137
196139
196140
196141
196142
196143
196144
196145
196146
196148
196149
196150
196151
196152
196153
196154
196155
196157
196158
196159
196160
196161
196162
196163
196164
196166
196167
196168
196169
196170
196171
196172
196173
196175
196176
196177
196178
196179
196180
196181
196182
196184
197185
198186
199187
200188
201188
202188
203188
205188
206188
207188
208188
209188
210188
211188
212188
214188
215188
216188
217189
218190
219191
220192
220193
220195
220196
220197
220198
220199
220200
220201
220202
220204
220205
220206
220207
220208
219209
218210
217211
215212
215212
214212
213212
212212
211212
210212
209212
208212
207212
206212
205212
204212
203212
202212
201212
200212
199212
199212
197214
196215
196216
196216
196217
196218
196219
196220
196221
196223
196224
196224
196224
196224
196224
194226
193227
192228
191228
191228
190228
189228
188228
187228
185228
184228
183228
183228
182228
181228
180228
179228
178228
176228
175228
175228
174227
173226
172225
172224
172223
172223
172222
172220
172219
172218
172217
172216
172215
172215
172214
172213
172211
172210
172209
172208
172207
172207
172206
172205
172204
172202
172201
172200
172199
172199
172198
172197
172196
172195
172193
172192
172191
172190
172189
172188
172187
172186
172184
172183
172183
172182
172181
172180
172179
172178
172177
172175
172175
172174
172173
172172
172171
172170
172169
172168
172166
172165
172164
172163
172162
172161
172160
172159
172157
172156
172155
172154
172153
172152
172151
172150
172148
172147
172146
172145
172144
172143
173142
174141
176140
177140
178140
179140
180140
181140
182140
183140
185140
186140
187140
188140
189140
190140
191140
192140
194138
195137
196136
196135
196134
196133
196132
196131
196129
196128
196127
196126
196125
196124
196123
196122
196120
196119
196118
196117
196116
196115
196114
196113
196111
196110
196109
196108
196107
196106
196105
196104
196102
196101
196100
196099
196098
196097
196096
196095
196093
196092
196091
196090
196089
196088
196087
196086
196084
196083
196082
196081
196080
196079
196078
196077
196075
196074
196073
196072
196071
197070
198069
199068
201068
202068
203068
204068
205068
206068
207068
208068
210068
211068
212068
213068
214068
215068
216068
217067
219065
220064
220063
220062
220061
220060
220059
220058
220056
220055
220054
220053
220052
220051
220050
220049
220047
219046
218045
217044
216044
215044
215044
214044
213044
211044
210044
209044
208044
207044
207044
206044
205044
204044
202044
201044
200044
199044
199044
198043
197042
196041
196040
196039
196038
196037
196036
196035
196034
196033
196032
196031
196031
196031
196031
195030
194029
193028
192028
191028
190028
189028
188028
187028
186028
185028
184028
183028
183028
181028
180028
179028
178028
177028
176028
175028
175028
174029
172031
172032
172032
172033
172034
172035
172036
172037
172038
172040
172040
172041
172042
172043
172044
172045
172046
172047
172048
172049
172050
172051
172052
172053
172054
172055
172056
172056
172058
172059
172060
172061
172062
172063
172064
172065
172067
172068
172069
172070
172071
172072
172073
172074
172076
172077
172078
172079
172080
172081
172082
172083
172085
172086
172087
172088
171089
170090
169091
168092
166092
165092
164092
163092
162092
161092
160092
159092
157092
156092
155092
154092
153092
152092
151092
150093
148095
148096
148097
148098
148099
148100
148101
148102
148104
148105
148106
148107
148108
148109
148110
148111
148113
148114
148115
148116
148117
148118
148119
148120
148122
148123
148124
148125
148126
148127
148128
148129
148131
148132
148133
148134
148135
148136
148137
148138
148140
148141
148142
148143
148144
148145
148146
148147
148149
148150
148151
148152
148153
148154
148155
148156
148158
148159
148160
147161
146162
145163
144164
143164
141164
140164
139164
138164
137164
136164
135164
134164
132164
131164
130164
129164
128164
127164
126164
125164
123164
122164
121164
120164
119164
118164
117164
116164
114164
113164
112164
111164
110164
109164
108164
107164
105164
104164
103164
102163
101162
100161
100160
100159
100157
100156
100155
100154
100153
100152
100151
100150
100148
100147
100146
100145
100144
100143
099142
098141
096140
095140
094140
093140
092140
091140
090140
089140
087140
086140
085140
084140
083140
082140
081140
080140
079140
078141
077142
076143
076144
076144
076145
076146
076147
076148
076150
076151
076152
076152
076153
076154
076155
076156
076157
076159
076160
076160
075161
074162
073163
072164
071164
071164
070164
068164
067164
066164
065164
064164
063164
063164
062164
061164
059164
058164
057164
056164
055164
054163
053162
052161
052159
052158
052157
052156
052155
052154
052153
052152
052150
052149
052148
052147
052146
052145
052144
052143
052141
052140
052139
052138
052137
052136
052135
052134
052132
052131
052130
052129
052128
052127
052126
052125
052123
052122
052121
052120
052119
051118
050117
049116
047116
047116
046116
045116
044116
043116
042116
041116
040116
039116
038116
037116
036116
035116
034116
033116
032116
031116
031116
029116
028116
027116
026116
025116
024116
023116
023116
022115
020113
020112
020111
020111
020110
020109
020108
020107
020106
020104
020103
020103
020102
020101
020100
020099
020098
020097
020095
020095
020094
020093
020092
020091
020090
020089
020088
020087
020086
020085
020084
020083
020082
020081
020080
020079
020079
020077
020076
020075
020074
020073
020072
020071
020071
021070
023068
024068
024068
025068
026068
027068
028068
029068
030068
032068
032068
033068
034068
035068
036068
037068
038068
039068
040068
041068
042068
043068
044068
045068
046068
047068
048068
050068
051068
052068
053068
054068
055068
056068
057068
059068
060068
061068
062068
063068
064068
065068
066068
068068
069068
070068
071068
072068
073068
074068
075067
076065
076064
076063
076063
076062
076061
076060
076059
076058
076056
076055
076055
076054
076053
076052
076051
076050
076049
076047
076047
076046
076045
076044
076043
076042
076041
076040
076039
076038
076037
076036
076035
076034
076033
076032
076031
076031
074029
073028
072028
071028
071028
070028
069028
068028
067028
065028
064028
063028
063028
062028
061028
060028
059028
058028
056028
055028
055028
054029
053030
052031
052032
052032
052033
052034
052036
052037
052038
052039
052040
052040
052041
052042
052043
052045
052046
052047
052048
052048
052049
052050
052051
052052
052054
052055
052056
052056
052057
052058
052059
052060
052061
052063
052064
051065
050066
049067
048068
047068
046068
044068
043068
042068
041068
040068
039068
038068
037068
035068
034068
033068
032068
031068
030068
029068
028068
026068
025068
024068
023068
022067
021066
020065
020064
020063
020062
020061
020060
020059
020058
020057
020056
020055
020055
020053
020052
020051
020050
020049
020048
020047
020047
020046
020044
020043
020042
020041
020040
020039
020039
020038
020037
020035
020034
020033
020032
020031
020031
021030
022029
023028
024028
025028
026028
027028
028028
029028
030028
031028
032028
032028
032028
032028
033028
034028
035028
036028
037028
039028
040028
040028
041028
042028
043028
044028
045028
046028
048028
049029
050030
051031
052032
052033
052034
052035
052037
052038
052039
052040
052041
052042
052043
052044
052046
052047
052048
052049
052050
052051
052052
052053
052055
052056
052057
052058
052059
052060
052061
052062
052064
052065
052066
052067
052068
052069
052070
052071
052073
052074
052075
052076
052077
052078
052079
052080
052082
052083
052084
052085
052086
052087
052088
052089
052091
052092
052093
052094
052095
052096
052097
052098
052100
052101
052102
052103
052104
052105
052106
052107
052109
052110
052111
052112
052113
052114
052115
052116
052118
052119
052120
052121
052122
052123
052124
052125
052127
052128
052129
052130
052131
052132
052133
052134
052136
052137
052138
052139
052140
052141
052142
052143
052145
052146
052147
052148
052149
052150
052151
052152
052154
052155
052156
052157
052158
052159
052160
052161
052163
052164
052165
052166
052167
052168
052169
052170
052172
052173
052174
052175
052176
052177
052178
052179
052181
052182
052183
052184
052185
052186
052187
052188
052190
052191
052192
052192
052193
052194
052195
052196
052197
052199
052200
052200
052201
052202
052203
052204
052205
052206
052208
052208
052209
052210
052211
052212
052213
052214
052215
052216
052217
052218
052219
052220
052221
052222
052223
052224
052224
050226
049227
048228
047228
047228
046228
045228
044228
043228
041228
040228
039228
039228
039228
039228
039228
037228
036228
035228
034228
033228
032228
031228
031228
030228
028228
027228
026228
025228
024228
023228
023228
022227
021226
020224
020223
020223
020222
020221
020220
020219
020218
020217
020215
020215
020214
020213
020212
020211
020210
020209
020208
020207
020206
020205
020204
020203
020202
020201
020200
020199
020199
020197
020196
020195
020194
020193
020192
020191
021190
023188
024188
025188
026188
027188
028188
029188
030188
032188
033188
034188
035188
036188
037188
038188
039188
041188
042188
043188
044188
045188
046188
047188
048188
050188
051188
052188
053188
054188
055188
056188
057188
059188
060188
061188
062188
063188
064188
065188
066188
068188
069188
070188
071188
072188
073189
074190
075191
076192
076193
076194
076195
076196
076197
076198
076199
076200
076200
076202
076203
076204
076205
076206
076207
076208
076208
076209
076211
076212
076213
076214
076215
076216
076216
076217
076218
076220
076221
076222
076223
076224
076224
075225
074226
073227
071228
071228
070228
069228
068228
067228
066228
065228
064228
063228
063228
063228
063228
063228
063228
063228
063228
063228
063228
063228
063228
063228
063228
063228
063228
063228
063228
063228
063228
063228
063228
063228
063228
063228
063228
063228
063228
063228
063228
063228
063228
063228
063228
063228
063228
063228
063228
063228
063228
063228
063228
063228
063228
063228
063228
063228
063228
063228
063228
063228
063228
063228
063228
063228
063228
063228
063228
063228
063228
063228
063228
063228
063228
063228
063228
063228
063228
063228
063228
063228
063228
063228
063228
063228
063228
063228
063228
063228
063228
063228
063228
063228
063228
063228
063228
063228
063228
063228
063228
063228
063228
063228
063228
063228
063228
063228
063228
063228
063228
063228
063228
063228
063228
063228
063228
063228
063228
063228
063228
063228
063228
063228
063228
063228
063228
063228
063228
063228
063228
063228
063228
063228
063228
063228
063228
063228
063228
063228
063228
063228
063228
063228
063228
063228
063228
063228
063228
063228
063228
063228
063228
063228
063228
063228
063228
063228
063228
063228
063228
063228
063228
063228
063228
063228
063228
063228
063228
063228
063228
063228
063228
063228
063228
063228
063228
063228
063228
063228
063228
063228
063228
063228
063228
063228
063228
063228
063228
063228
063228
063228
063228
063228
063228
063228
063228
063228
063228
063228
063228
063228
063228
063228
063228
063228
063228
063228
063228
063228
063228
063228
063228
063228
063228
063228
063228
063228
063228
063228
063228
063228
063228
063228
063228
063228
063228
063228
063228
063228
