196128
196128
196128
196128
196128
196128
196128
196128
196128
196128
196128
196128
196128
196128
196128
196128
196128
196128
196128
196128
196128
196128
196128
196128
196128
196128
196128
196128
196128
196128
196128
196128
196128
196128
196128
196128
196128
196128
196128
196128
196128
196128
196128
196128
196128
196128
196128
196128
196128
196128
196128
196128
196128
196128
196128
196128
196128
196128
196128
196128
196128
196128
196128
196128
196128
196128
196128
196128
196128
196128
196128
196128
196128
196128
196128
196128
196128
196128
196128
196128
196128
196128
196128
196128
196128
196128
196128
196128
196128
196128
196128
196128
196128
196128
196128
196128
196128
196128
196128
196128
196128
196128
196128
196128
196128
196128
196128
196128
196128
196128
196128
196128
196128
196128
196128
196128
196128
196128
196128
196126
196125
196124
196123
196122
196121
196120
196119
196119
196117
196116
196115
196114
196113
196112
196111
196111
196110
196108
196107
196106
196105
196104
196103
196103
196102
196101
196099
196098
196097
196096
196095
196095
196094
196093
196092
196090
196089
196088
196087
196087
196086
196085
196084
196083
196081
196080
196079
196079
196078
196077
196076
196075
196074
196072
196071
196071
195070
194069
193068
192068
191068
191068
190068
188068
187068
186068
185068
184068
183068
183068
182068
181068
179068
178068
177068
176068
175068
175068
174068
173068
172068
170068
169068
168068
167068
167068
166068
165068
164068
163068
161068
160068
159068
159068
158068
157068
156068
155068
154068
152068
151068
151068
150068
149068
148068
147068
146068
145068
143068
143068
142068
141068
140068
139068
138068
137068
136068
135068
134068
133068
132068
131068
130068
129068
128068
127068
127068
125068
124068
123068
122068
121068
120068
119068
119068
118068
116068
115068
114068
113068
112068
111068
111068
110068
109068
107068
106068
105068
104068
103068
103068
102068
101068
100068
098068
097068
096068
095068
095068
094068
093068
092068
091068
089068
088068
087068
087068
086068
085068
084068
083068
082068
080068
079068
079068
078068
077068
076068
075068
074068
073068
071068
071068
070068
069068
068068
067068
066068
065068
064068
063068
062068
061068
060068
059068
058068
057068
056068
055068
055068
053068
052068
051068
050068
049068
048068
047068
047068
046068
044068
043068
042068
041068
040068
039068
039068
038068
037068
035068
034068
033068
032068
031068
031068
030068
029068
028068
026068
025068
024068
023068
023068
022069
021070
020071
020072
020072
020074
020075
020076
020077
020078
020079
020080
020080
020081
020083
020084
020085
020086
020087
020088
020088
020089
020090
020092
020093
020094
020095
020096
020096
020097
020098
020099
020101
020102
020103
020104
020104
020105
020106
020107
020108
020110
020111
020112
020112
021113
022114
023115
024116
024116
025116
027116
028116
029116
030116
031116
032116
032116
033116
034116
036116
037116
038116
039116
040116
040116
041116
042116
043116
045116
046116
047116
048116
048116
049115
050114
051113
052112
052111
052110
052109
052108
052107
052106
052105
052104
052103
052103
052101
052100
052099
052098
052097
052096
052095
052095
052094
052092
052091
052090
052089
052088
052087
052087
052086
052085
052083
052082
052081
052080
052079
052079
052078
052077
052076
052074
052073
052072
052071
052070
052069
052068
052067
052065
052064
052063
052063
052062
052061
052060
052059
052058
052056
052055
052055
052054
052053
052052
052051
052050
052049
052047
052047
052046
052045
052044
052043
052042
052041
052040
052039
052038
052037
052036
052035
052034
052033
052032
052031
052031
054029
055028
056028
056028
057028
058028
059028
060028
061028
063028
064028
064028
065028
066028
067028
068028
069028
070028
072028
072028
073029
074030
075031
076032
076032
076033
076034
076035
076037
076038
076039
076040
076040
076041
076042
076043
076044
076046
076047
076048
076048
076049
076050
076051
076052
076053
076055
076056
076056
076057
076058
076059
076060
076061
076062
076064
075065
074066
073067
072068
071068
070068
069068
067068
066068
065068
064068
063068
062068
061068
060068
058068
057068
056068
055068
054069
053070
052071
052072
052074
052075
052076
052077
052078
052079
052080
052081
052083
052084
052085
052086
052087
052088
052089
052090
052092
052093
052094
052095
052096
052097
052098
052099
052101
052102
052103
052104
052105
052106
052107
052108
052110
052111
052112
052113
052114
052115
052116
052117
052119
052120
052120
052121
052122
052123
052124
052125
052126
052128
052128
052129
052130
052131
052132
052133
052134
052135
052136
052137
052138
052139
052140
052141
052142
052143
052144
052144
052146
052147
052148
052149
052150
052151
052152
052152
052153
052155
052156
052157
052158
052159
052160
052160
052161
052162
052164
052165
052166
052167
052168
052168
052169
052170
052171
052173
052174
052175
052176
052176
052177
052178
052179
052180
052182
052183
052184
052184
052185
052186
052187
052188
052189
052191
052192
052192
052193
052194
052195
052196
052197
052198
052200
052200
052201
052202
052203
052204
052205
052206
052207
052208
052209
052210
052211
052212
052213
052214
052215
052216
052216
052218
052219
052220
052221
052222
052223
052224
052224
053225
055227
056228
056228
057228
058228
059228
060228
061228
062228
064228
064228
065228
066228
067228
068228
069228
070228
071228
072228
073227
074226
075225
076224
076223
076223
076222
076221
076220
076218
076217
076216
076215
076215
076214
076213
076212
076211
076209
076208
076207
076207
076206
076205
076204
076203
076202
076200
076199
076199
076198
076197
076196
076195
076194
076193
076191
076191
075190
074189
073188
072188
071188
071188
070188
069188
067188
066188
065188
064188
063188
063188
062188
061188
060188
058188
057188
056188
055188
054187
053186
052185
052184
052182
052181
052180
052179
052178
052177
052176
052175
052173
052172
052171
052170
052169
052168
052167
052166
052164
052163
052162
052161
052160
052159
052158
052157
052155
052154
052153
052152
052151
052150
052149
052148
052146
052145
052144
052143
052142
052141
052140
052139
052137
052136
052135
052134
052133
052132
052131
052130
052128
052127
052126
052125
052124
052123
052122
052121
052119
052118
052117
052116
052115
052114
052113
052112
052110
052109
052108
052107
052106
052105
052104
052103
052101
052100
052099
052098
052097
052096
052095
053094
055092
056092
056092
057092
058092
059092
060092
061092
062092
064092
064092
065092
066092
067092
068092
069092
070092
071092
072092
073093
074094
075095
076096
076096
076097
076098
076099
076100
076102
076103
076104
076104
076105
076106
076107
076108
076109
076111
076112
076112
077113
078114
079115
080116
081116
082116
084116
085116
086116
087116
088116
089116
090116
091116
093116
094116
095116
096116
097115
098114
099113
100112
100110
100109
100108
100107
100106
100105
100104
100103
100101
100100
100099
100098
100097
100096
100095
101094
103092
104092
105092
106092
107092
108092
109092
110092
112092
113092
114092
115092
116092
117092
118092
119092
121092
122092
123092
124092
125092
126092
127092
128092
130092
131092
132092
133092
134092
135092
136092
137092
139092
140092
141092
142092
143092
144092
145093
146094
148096
148097
148098
148099
148100
148101
148102
148103
148105
148106
148107
148108
148109
148110
148111
148112
148114
148115
148116
148117
148118
148119
148120
148121
148123
148124
148125
148126
148127
148128
148129
148130
148132
148133
148134
148135
148136
148137
148138
148139
148141
148142
148143
148144
148145
148146
148147
148148
148150
148151
148152
148153
148154
148155
148156
148157
148159
148160
149161
150162
151163
152164
153164
154164
156164
157164
158164
159164
160164
161164
162164
163164
165164
166164
167164
168164
168164
169165
170166
171167
172168
172168
172170
172171
172172
172173
172174
172175
172176
172176
172177
172179
172180
172181
172182
172183
172184
172184
171185
170186
168188
167188
167188
166188
165188
164188
163188
162188
161188
159188
159188
158188
157188
156188
155188
154188
153188
152188
151188
150188
149188
148188
147188
146188
145188
144188
143188
143188
141188
140188
139188
138188
137188
136188
135188
135188
134188
132188
131188
130188
129188
128188
127188
127188
126188
125188
123188
122188
121188
120188
119188
119188
118188
117188
116188
114188
113188
112188
111188
111188
110188
109188
108188
107188
105188
104188
103188
103188
102188
101188
100188
099188
098188
096188
095188
095188
094188
093188
092188
091188
090188
089188
087188
087188
086188
085188
084188
083188
082188
081188
080188
078188
077188
076188
075188
074188
073188
072188
071188
069188
068188
067188
066188
065188
064188
063188
062188
060188
059188
058188
057188
056188
055188
054188
053188
051188
050188
049188
048188
047188
047188
046188
045188
044188
042188
041188
040188
039188
039188
038188
037188
036188
035188
033188
032188
031188
031188
030188
029188
028188
027188
026188
024188
023188
023188
022187
021186
020185
020184
020183
020183
020182
020180
020179
020178
020177
020176
020175
020175
020174
020173
020171
020170
020169
020168
020167
020167
020166
020165
020164
020162
020161
020160
020159
020159
020158
020157
020156
020155
020153
020152
020151
020151
020150
020149
020148
020147
020146
020144
020143
020143
021142
022141
023140
024140
024140
025140
026140
028140
029140
030140
031140
032140
032140
033140
034140
035140
037140
038140
039140
040140
040140
041140
042140
043140
044140
046140
047140
048140
049141
050142
051143
052144
052145
052147
052148
052149
052150
052151
052152
052153
052154
052156
052157
052158
052159
052160
053161
054162
055163
056164
057164
058164
059164
060164
061164
062164
063164
064164
064164
066164
067164
068164
069164
070164
071164
072164
072164
073163
075161
076160
076159
076159
076158
076157
076156
076155
076154
076152
076151
076151
076150
076149
076148
076147
076146
076145
076143
076143
077142
078141
079140
080140
081140
082140
083140
085140
086140
087140
088140
089140
090140
091140
092140
094140
095140
096140
097139
098138
099137
100136
100135
100133
100132
100131
100130
100129
100128
100127
100126
100124
100123
100122
100121
100120
100119
100118
100117
100115
100114
100113
100112
100111
100110
100109
100108
100106
100105
100104
100103
100102
100101
100100
100099
100097
100096
100095
101094
102093
103092
104092
105092
107092
108092
109092
110092
111092
112092
113092
114092
116092
117092
118092
119092
120092
121092
122092
123092
125092
126092
127092
128092
129092
130092
131092
132092
134092
135092
136092
137092
138092
139092
140092
141092
143092
144092
145092
146092
147092
148092
149092
150092
152092
153092
154092
155092
156092
157092
158092
159092
161092
162092
163092
164092
165092
166092
167092
168092
168092
170094
171095
172096
172096
172097
172098
172099
172100
172101
172103
172104
172104
172105
172106
172107
172108
172109
172110
172112
172112
173113
174114
175115
176116
176116
177116
178116
179116
181116
182116
183116
184116
184116
185116
186116
187116
188116
190116
191116
192116
193117
194118
195119
196120
196121
196123
196124
196125
196126
196127
196128
196129
196130
196132
196133
196134
196135
196136
196136
196137
196138
196139
196141
196142
196143
196144
196144
196145
196146
196147
196148
196150
196151
196152
196152
196153
196154
196155
196156
196157
196159
196160
196160
196161
196162
196163
196164
196165
196166
196168
196168
196169
196170
196171
196172
196173
196174
196175
196176
196177
196178
196179
196180
196181
196182
196183
196184
196184
198186
199187
200188
200188
201188
202188
203188
204188
205188
207188
208188
208188
209188
210188
211188
212188
213188
214188
216188
216188
217189
218190
219191
220192
220192
220193
220194
220195
220197
220198
220199
220200
220200
220201
220202
220203
220204
220206
220207
220208
220208
220209
220210
220211
220212
220213
220215
220216
220216
220217
220218
220219
220220
220221
220222
220224
220224
221225
222226
223227
224228
224228
225228
226228
227228
229228
230228
231228
232228
232228
233228
234228
235228
236228
238228
239228
240228
240228
241227
242226
243225
244224
244223
244223
244221
244220
244219
244218
244217
244216
244215
244215
244214
244212
244211
244210
244209
244208
244207
244207
244206
244205
244203
244202
244201
244200
244199
244199
244198
244197
244196
244194
244193
244192
244191
244191
244190
244189
244188
244187
244185
244184
244183
244183
244182
244181
244180
244179
244178
244176
244175
244175
244174
244173
244172
244171
244170
244169
244167
244167
244166
244165
244164
244163
244162
244161
244160
244159
244158
244157
244156
244155
244154
244153
244152
244151
244151
244149
244148
244147
244146
244145
244144
244143
244143
244142
244140
244139
244138
244137
244136
244135
244135
244134
244133
244131
244130
244129
244128
244127
244127
244126
244125
244124
244122
244121
244120
244119
244119
243118
242117
241116
240116
239116
238116
237116
236116
235116
234116
233116
232116
231116
231116
229116
228116
227116
226116
225116
224116
223116
223116
222115
220113
220112
220111
220111
220110
220109
220108
220107
220106
220104
220103
220103
220102
220101
220100
220099
220098
220097
220095
220095
219094
218093
217092
216092
215092
215092
214092
213092
211092
210092
209092
208092
207092
207092
206092
205092
204092
202092
201092
200092
199092
198091
197090
196089
196088
196086
196085
196084
196083
196082
196081
196080
196079
196077
196076
196075
196074
196073
196072
196071
197070
199068
200068
200068
201068
202068
203068
204068
205068
206068
208068
208068
209068
210068
211068
212068
213068
214068
215068
216068
217067
218066
219065
220064
220063
220063
220062
220061
220060
220058
220057
220056
220055
220055
220054
220053
220052
220051
220049
220048
220047
220047
220046
220045
220044
220043
220042
220040
220039
220039
220038
220037
220036
220035
220034
220033
220031
220031
221030
222029
223028
224028
224028
225028
226028
227028
229028
230028
231028
232028
232028
233028
234028
235028
236028
238028
239028
240028
240028
241029
242030
243031
244032
244032
244033
244035
244036
244037
244038
244039
244040
244040
244041
244042
244044
244045
244046
244047
244048
244048
244049
244050
244051
244053
244054
244055
244056
244056
244057
244058
244059
244060
244062
244063
244064
244064
244065
244066
244067
244068
244069
244071
244072
244072
244073
244074
244075
244076
244077
244078
244080
244080
244081
244082
244083
244084
244085
244086
244087
244088
244089
244090
244091
244092
244093
244094
244095
244096
244096
244098
244099
244100
244101
244102
244103
244104
244104
244105
244107
244108
244109
244110
244111
244112
244113
244114
244116
244117
244118
244119
244120
244121
244122
244123
244125
244126
244127
244128
244129
244130
244131
244132
244134
244135
244136
243137
242138
241139
240140
239140
239140
237140
236140
235140
234140
233140
232140
231140
231140
230140
228140
227140
226140
225140
224140
223140
223140
222141
221142
220144
220144
220145
220146
220147
220148
220149
220150
220151
220152
220153
220154
220155
220156
220157
220158
220159
220160
220160
218162
217163
216164
215164
215164
214164
213164
212164
211164
209164
208164
207164
207164
206164
205164
204164
203164
202164
200164
199164
198163
197162
196161
196160
196159
196158
196156
196155
196154
196153
196152
196151
196150
196149
196147
196146
196145
196144
196143
195142
194141
193140
191140
191140
190140
189140
188140
187140
186140
185140
184140
183140
182140
181140
180140
179140
178140
177140
176140
175140
175140
173142
172143
172144
172144
172145
172146
172147
172148
172149
172151
172152
172152
172153
172154
172155
172156
172157
172158
172160
171161
170162
169163
168164
167164
166164
165164
163164
162164
161164
160164
159164
158164
157164
156164
154164
153164
152164
151164
150163
149162
148161
148160
148158
148157
148156
148155
148154
148153
148152
148151
148149
148148
148147
148146
148145
148144
148143
148142
148140
148139
148138
148137
148136
148135
148134
148133
148131
148130
148129
148128
148127
148126
148125
148124
148122
148121
148120
148119
148118
148117
148116
148115
148113
148112
148111
148110
148109
148108
148107
148106
148104
148103
148102
148101
148100
148099
148098
148097
148095
149094
150093
151092
152092
153092
154092
155092
157092
158092
159092
160092
161092
162092
163092
164092
166092
167092
168092
169091
170090
171089
172088
172087
172087
172085
172084
172083
172082
172081
172080
172079
172079
172078
172076
172075
172074
172073
172072
172071
172070
172069
172067
172066
172065
172064
172063
172063
172062
172061
172060
172058
172057
172056
172055
172055
172054
172053
172052
172051
172049
172048
172047
172047
172046
172045
172044
172043
172042
172040
172039
172039
172038
172037
172036
172035
172034
172033
172031
172031
173030
174029
175028
176028
176028
177028
178028
179028
181028
182028
183028
184028
184028
185028
186028
187028
188028
190028
191028
192028
192028
192028
192028
192028
194030
195031
196032
196032
196033
196034
196035
196036
196037
196039
196040
196040
197041
198042
199043
200044
200044
201044
202044
204044
205044
206044
207044
208044
208044
209044
210044
211044
213044
214044
215044
216044
217045
218046
219047
220048
220050
220051
220052
220053
220054
220055
220056
220057
220059
220060
220061
220062
220063
220064
219065
218066
216068
215068
214068
213068
212068
211068
210068
209068
207068
206068
205068
204068
203068
202068
201068
200068
198068
197068
196068
195068
194068
193068
192068
191068
189068
188068
187068
186068
185068
184068
183068
182068
180068
179068
178068
177068
176068
175068
174068
173068
171068
170068
169068
168068
167068
166068
165068
164068
162068
161068
160068
159068
158068
157068
156068
155068
153068
152068
151068
150068
149068
148068
147068
146068
144068
143068
142068
141068
140068
139068
138068
137068
135068
134068
133068
132068
131068
130068
129068
128068
126068
125068
124068
123068
122068
121068
120068
119068
117068
116068
115068
114068
113068
112068
111068
110068
108068
107068
106068
105068
104068
103068
102068
101068
099068
098068
097068
096068
095068
094068
093068
092068
090068
089068
088068
087068
086068
085068
084068
083068
081068
080068
079068
078067
077066
076065
076064
076063
076061
076060
076059
076058
076057
076056
076055
076054
076052
076051
076050
076049
076048
076047
076046
076045
076043
076042
076041
076040
076039
076038
076037
076036
076034
076033
076032
076031
075030
074029
073028
072028
070028
069028
068028
067028
066028
065028
064028
063028
061028
060028
059028
058028
057028
056028
055028
054028
052028
051028
050028
049028
048028
047028
047028
046028
045028
043028
042028
041028
040028
039028
039028
039028
039028
038028
037028
036028
035028
034028
033028
032028
031028
030028
029028
028028
027028
026028
025028
024028
023028
023028
021030
020031
020032
020032
020033
020034
020035
020036
020037
020039
020040
020040
020041
020042
020043
020044
020045
020046
020048
020048
020049
020050
020051
020052
020053
020054
020055
020056
020057
020058
020059
020060
020061
020062
020063
020064
022066
023067
024068
025068
026068
027068
028068
029068
031068
032068
033068
034068
035068
036068
037068
038068
040068
041068
042068
043068
044068
045068
046068
047068
049069
050070
051071
052072
052073
052074
052075
052076
052078
052079
052080
052081
052082
052083
052084
052085
052087
052088
052089
052090
052091
052092
052093
052094
052096
052097
052098
052099
052100
052101
052102
052103
052105
052106
052107
052108
052109
052110
052111
052112
052114
052115
052116
052117
052118
052119
052120
052121
052123
052124
052125
052126
052127
052128
052129
052130
052132
052133
052134
052135
052136
052137
052138
052139
052141
052142
052143
052144
052145
052146
052147
052148
052150
052151
052152
052153
052154
052155
052156
052157
052159
052160
052161
052162
052163
052164
052165
052166
052168
052169
052170
052171
052172
052173
052174
052175
052177
052178
052179
052180
052181
052182
052183
052184
050186
049187
048188
047188
046188
045188
044188
043188
041188
040188
039188
038188
037188
036188
035188
034188
032188
031188
030188
029188
028188
027188
026188
025188
023188
022189
021190
020191
020192
020192
020193
020194
020195
020197
020198
020199
020200
020200
020201
020202
020203
020204
020206
020207
020208
020208
020209
020210
020211
020212
020213
020215
020216
020216
020217
020218
020219
020220
020221
020222
020224
020224
021225
022226
023227
024228
024228
025228
026228
027228
029228
030228
031228
032228
032228
032228
032228
032228
034228
035228
036228
037228
038228
039228
040228
040228
041228
043228
044228
045228
046228
047228
048228
049227
050226
052224
052223
052222
052221
052220
052219
052218
052217
052215
052214
052213
052212
052211
052210
052209
052208
052206
052205
052204
052203
052202
052201
052200
052199
052197
052196
052195
052194
052193
052192
052191
053190
055188
056188
057188
058188
059188
060188
061188
062188
064188
065188
066188
067188
068188
069188
070188
071188
073188
074188
075188
076188
077188
078188
079188
080188
082188
083188
084188
085188
086188
087188
088188
089188
091188
092188
093188
094188
095188
096188
097188
098188
100188
101188
102188
103188
104188
105188
106188
107188
109188
110188
111188
112188
113188
114188
115188
116188
118188
119188
120188
121188
122188
123188
124188
125188
127188
128188
129188
130188
131188
132188
133188
134188
136188
137188
138188
139188
140188
141188
142188
143188
145188
146188
147188
148188
149188
150188
151188
152188
154188
155188
156188
157188
158188
159188
160188
161188
163188
164188
165188
166188
167188
168188
169189
170190
172192
172192
172193
172194
172195
172196
172197
172198
172199
172200
172201
172202
172203
172204
172205
172206
172207
172208
172208
172210
172211
172212
172213
172214
172215
172216
172216
172217
172219
172220
172221
172222
172223
172224
172224
173225
174226
176228
176228
177228
178228
179228
180228
181228
182228
183228
184228
185228
186228
187228
188228
189228
190228
191228
192228
192228
192228
192228
193227
194226
195225
196224
196223
196222
196221
196220
196219
196218
196217
196216
196215
196215
198213
199212
200212
200212
201212
202212
203212
204212
205212
207212
208212
208212
209212
210212
211212
212212
213212
214212
216212
217211
218210
219209
220208
220207
220206
220205
220203
220202
220201
220200
220199
220198
220197
220196
220194
220193
220192
220191
219190
218189
217188
216188
214188
213188
212188
211188
210188
209188
208188
207188
205188
204188
203188
202188
201188
200188
199188
198188
196188
195188
194188
193188
192188
191188
191188
190188
189188
187188
186188
185188
184188
183188
183188
183188
183188
183188
183188
183188
183188
183188
183188
183188
183188
183188
183188
183188
183188
183188
183188
183188
183188
183188
183188
183188
183188
183188
183188
183188
183188
183188
183188
183188
183188
183188
183188
183188
183188
183188
183188
183188
183188
183188
183188
183188
183188
183188
183188
183188
183188
183188
183188
183188
183188
183188
183188
183188
183188
183188
183188
183188
183188
183188
183188
183188
183188
183188
183188
183188
183188
183188
183188
183188
183188
183188
183188
183188
183188
183188
183188
183188
183188
183188
183188
183188
183188
183188
183188
183188
183188
183188
183188
183188
183188
183188
183188
183188
183188
183188
183188
183188
183188
183188
183188
183188
183188
183188
183188
183188
183188
183188
183188
183188
183188
183188
183188
183188
183188
183188
183188
183188
183188
183188
183188
183188
183188
183188
183188
183188
183188
183188
183188
183188
183188
183188
183188
183188
183188
183188
183188
183188
183188
183188
183188
183188
183188
183188
183188
183188
183188
183188
183188
183188
183188
183188
183188
183188
183188
183188
183188
183188
183188
183188
183188
183188
183188
183188
183188
183188
183188
183188
183188
183188
183188
183188
183188
183188
183188
183188
183188
183188
183188
183188
183188
183188
183188
183188
183188
183188
183188
183188
183188
183188
183188
183188
183188
183188
183188
183188
183188
183188
183188
183188
183188
183188
183188
183188
183188
183188
183188
183188
183188
183188
183188
183188
183188
183188
183188
